Material
Diffuse
0.0742135718464851 0.0684781670570374 0.0822827070951462 1
Specular
0.973445296287537 0.955973327159882 1 1 20
Positions 751
0.401994791666667 1.38777878078145E-17 3.1724999999927E-05
0.391326041666667 -3.46944695195361E-18 0.0920300166666665
0.392570958333334 3.46944695195361E-17 -0.0864996083333334
0.359886291666667 -2.42861286636753E-17 0.179145066666667
-0.176741124999999 -6.59194920871187E-17 0.361089041666667
0.309344458333333 -4.16333634234434E-17 0.2567531
0.165375541666667 -6.59194920871187E-17 0.366434108333333
0.242382791666667 -5.55111512312578E-17 0.320734675
0.080162791666667 -7.28583859910259E-17 0.393952741666667
-0.00902795833333236 -7.28583859910259E-17 0.401925141666666
-0.0977705416666659 -6.93889390390723E-17 0.389955766666667
-0.247979708333332 -5.55111512312578E-17 0.316426841666667
-0.308369791666666 -4.16333634234434E-17 0.257923058333333
-0.390275541666666 3.81639164714898E-17 -0.0963267750000001
-0.355269291666666 -2.77555756156289E-17 0.188137108333333
-0.390092708333333 -6.93889390390723E-18 0.0971267749999998
-0.401994541666666 1.38777878078145E-17 0.000411058333333214
-0.355623791666666 5.55111512312578E-17 -0.187402775
-0.306815041666667 7.28583859910259E-17 -0.259707441666667
-0.243557208333333 8.67361737988404E-17 -0.319780275
-0.168829458333333 9.71445146547012E-17 -0.364792025
-0.086151291666666 1.04083408558608E-16 -0.392623025
0.183219041666667 9.36750677027476E-17 -0.357781858333333
0.00553012499999994 1.04083408558608E-16 -0.401924941666667
0.0969211250000006 1.00613961606655E-16 -0.390104275
0.259888458333334 8.32667268468867E-17 -0.306656441666667
0.319812291666667 6.93889390390723E-17 -0.243524775
0.364742125 5.20417042793042E-17 -0.168974025
-0.189561708333333 0.979337055833333 3.1725000000149E-05
0.192312041666667 0.979337055833333 3.1725000000149E-05
0.00137504166666691 0.979337055833333 -0.190905108333333
0.00137504166666691 0.979337055833333 0.190968641666667
-0.0253326249999999 1.0704804725 0.189091491666667
-0.0253326249999999 1.0704804725 0.235806516666667
-0.0253326249999999 1.02689063916667 0.23319285
-0.0253326249999999 0.983240639166667 0.231766433333333
-0.0253326249999999 1.02686063916667 0.189091575
-0.0253326249999999 0.983240639166667 0.189091575
0.022222291666667 1.0704804725 -0.189763691666667
0.022222291666667 1.0704804725 -0.236056441666666
0.022222291666667 1.02689055583333 -0.233446275
0.022222291666667 0.983240639166667 -0.232021858333333
0.022222291666667 1.02686063916667 -0.189763691666667
0.022222291666667 0.983240639166667 -0.189763691666667
-0.0253326249999999 1.0704804725 -0.235743025
-0.0253326249999999 1.0704804725 -0.189028025
-0.0253326249999999 1.02689063916667 -0.233129358333333
-0.0253326249999999 0.983240639166667 -0.231702941666666
-0.0253326249999999 1.02686063916667 -0.189028025
-0.0253326249999999 0.983240639166667 -0.189028025
0.022222291666667 1.0704804725 0.236119958333333
0.022222291666667 1.0704804725 0.189827175
0.022222291666667 1.02689055583333 0.233509791666667
0.022222291666667 0.983240639166667 0.232085316666667
0.022222291666667 1.02686063916667 0.189827175
0.022222291666667 0.983240639166667 0.189827175
-0.00155529166666568 0.983240639166667 -0.211056108333333
-0.0134437916666661 0.983240639166667 -0.211056108333333
-0.0134437916666661 0.983240639166667 -0.200042108333333
-0.00155529166666568 0.983240639166667 -0.200042108333333
-0.00155529166666568 0.983240639166667 -0.222070191666667
-0.0134437916666661 0.983240639166667 -0.222070191666667
0.0103335416666672 0.983240639166667 -0.211056108333333
0.0103335416666672 0.983240639166667 -0.200042108333333
0.0103335416666672 0.983240639166667 -0.222070191666667
0.022222291666667 0.983240639166667 -0.232021858333333
-0.0253326249999999 0.983240639166667 -0.231702941666666
-0.0253326249999999 0.983240639166667 -0.189028025
0.022222291666667 0.983240639166667 -0.189763691666667
-0.00155529166666568 0.983240639166667 0.211119625
-0.0134437916666661 0.983240639166667 0.211119625
-0.0134437916666661 0.983240639166667 0.222133691666667
-0.00155529166666568 0.983240639166667 0.222133691666667
-0.00155529166666568 0.983240639166667 0.200105558333333
-0.0134437916666661 0.983240639166667 0.200105558333333
0.0103335416666672 0.983240639166667 0.211119625
0.0103335416666672 0.983240639166667 0.222133691666667
0.0103335416666672 0.983240639166667 0.200105558333333
-0.0253326249999999 0.983240639166667 0.231766433333333
0.022222291666667 0.983240639166667 0.232085316666667
0.022222291666667 0.983240639166667 0.189827175
-0.0253326249999999 0.983240639166667 0.189091575
-0.187691208333333 1.0704804725 -0.0266306916666665
-0.235628041666667 1.0704804725 -0.0266306916666665
-0.233012708333333 1.0268907225 -0.0266306916666665
-0.231585375 0.983240639166667 -0.0266306916666665
-0.187691208333333 1.02686063916667 -0.0266306916666665
-0.187691208333333 0.983240639166667 -0.0266306916666665
-0.235284958333333 1.0704804725 0.0295703083333334
-0.187263041666666 1.0704804725 0.0295703083333334
-0.232665874999999 1.02689080583333 0.0295703083333334
-0.231236291666667 0.983240639166667 0.0295703083333334
-0.187263041666666 1.02686063916667 0.0295703083333334
-0.187263041666666 0.983240639166667 0.0295703083333334
-0.0253326249999999 1.0704804725 -0.189028025
-0.0253326249999999 1.0704804725 -0.235743025
-0.0540003749999993 1.0704804725 -0.182698775
-0.143671541666667 1.0704804725 -0.188621358333333
-0.209778041666667 1.0704804725 -0.110533525
-0.154188374999999 1.0704804725 -0.110679275
-0.235628041666667 1.0704804725 -0.0266306916666665
-0.187691208333333 1.0704804725 -0.0266306916666665
-0.181369374999999 1.0704804725 -0.0552981916666666
-0.170214541666667 1.0704804725 -0.0837171916666666
-0.133655708333333 1.0704804725 -0.134963108333333
-0.109377125 1.0704804725 -0.155502525
-0.0824182916666665 1.0704804725 -0.171536275
-0.0253326249999999 1.0704804725 0.235806516666667
-0.0253326249999999 1.0704804725 0.189091491666667
-0.0576736249999996 1.0704804725 0.230043108333333
-0.0536377083333335 1.0704804725 0.182871866666667
-0.0817128749999991 1.0704804725 0.171942441666667
-0.108396708333332 1.0704804725 0.156259266666667
-0.146280125 1.0704804725 0.186669325
-0.132511041666666 1.0704804725 0.136162016666667
-0.153018791666666 1.0704804725 0.112368
-0.169168624999999 1.0704804725 0.0858907416666668
-0.180580958333333 1.0704804725 0.0579014333333334
-0.235284958333333 1.0704804725 0.0295703083333334
-0.187263041666666 1.0704804725 0.0295703083333334
0.022222291666667 1.0704804725 -0.236056441666666
0.022222291666667 1.0704804725 -0.189763691666667
0.0571725416666666 1.0704804725 -0.230104608333333
0.0515468750000005 1.0704804725 -0.184195525
0.0808237083333339 1.0704804725 -0.173590858333333
0.108767625 1.0704804725 -0.157840858333333
0.153305208333334 1.0704804725 -0.180879858333333
0.134052125 1.0704804725 -0.137276941666667
0.155499625000001 1.0704804725 -0.112673858333333
0.172254041666667 1.0704804725 -0.0851578583333332
0.183892708333333 1.0704804725 -0.0560411083333332
0.235627958333334 1.0704804725 -0.0266306916666665
0.190441291666668 1.0704804725 -0.0266306916666665
0.022222291666667 1.0704804725 0.189827175
0.022222291666667 1.0704804725 0.236119958333333
0.0511837916666673 1.0704804725 0.184357533333333
0.142978458333333 1.0704804725 0.189210466666667
0.212292458333334 1.0704804725 0.105688466666667
0.154307791666668 1.0704804725 0.114349016666667
0.235284625 1.0704804725 0.0295703083333334
0.190013375 1.0704804725 0.0295703083333334
0.183093541666667 1.0704804725 0.0586436333333333
0.171188791666667 1.0704804725 0.0873254666666667
0.132888291666667 1.0704804725 0.138455758333333
0.107774875 1.0704804725 0.158575191666667
0.0801132083333336 1.0704804725 0.173977666666667
0.130302875 0.9187879725 -0.153735608333333
0.150665125000001 0.9416069725 -0.177764691666666
0.185404875000001 0.9416069725 -0.141165275
0.160347458333334 0.9187879725 -0.122082608333333
0.211451958333334 0.9416069725 -0.0979460249999999
0.182874208333334 0.9187879725 -0.0847043583333332
0.185485958333333 0.984758389166667 -0.141227108333333
0.211544458333334 0.984758389166667 -0.0979889416666666
0.150731208333333 0.984758389166667 -0.177842525
0.227585291666667 0.9416069725 -0.0501331083333333
0.196827041666667 0.9187879725 -0.0433533583333332
0.233048541666667 0.9416069725 3.1725000000149E-05
0.201551875 0.9187879725 3.1725000000149E-05
0.227685125000001 0.984758389166667 -0.0501550249999998
0.125558375000001 0.853407139166667 -0.0955884416666666
0.110135208333334 0.764923714166667 -0.129936191666667
0.102032125000001 0.853407139166667 -0.120373941666666
0.154569791666667 0.764923714166667 -0.071589275
0.143197541666667 0.853407139166667 -0.0663198583333333
0.154123125 0.853407139166667 -0.0339404416666667
0.170356541666667 0.764923714166667 3.1725000000149E-05
0.157823041666667 0.853407139166667 3.1725000000149E-05
0.173086291666667 0.881677555833333 -0.0801691083333332
0.186292458333334 0.881677555833333 -0.0410311916666666
0.190764541666667 0.881677555833333 3.1725000000149E-05
0.123328625000001 0.881677555833333 -0.145505525
0.151765291666667 0.881677555833333 -0.115546691666667
0.125085041666667 0.588577130833333 -0.147578108333333
0.193481291666667 0.588577130833333 3.1725000000038E-05
0.191921041666667 0.4121645475 -0.088896275
0.211522875 0.4121645475 3.1725000000038E-05
0.136749041666667 0.4121645475 -0.161342525
0.159241125 0.252749764166667 -0.187885108333333
0.151284958333334 0.290976764166667 -0.178496108333333
0.186167541666667 0.290976764166667 -0.141746191666667
0.195958291666667 0.252749764166667 -0.149202358333333
0.212321708333334 0.290976764166667 -0.098349025
0.223487958333334 0.252749764166667 -0.103523025
0.172626291666667 0.320718589166667 -0.131433608333333
0.196877958333333 0.320718589166667 -0.0911931083333334
0.140280875 0.320718589166667 -0.165510441666667
0.228521458333334 0.290976764166667 -0.0503395249999999
0.240539708333333 0.252749764166667 -0.0529885250000001
0.234007041666667 0.290976764166667 3.1725000000038E-05
0.246313875 0.252749764166667 3.1725000000038E-05
0.211899541666667 0.320718589166667 -0.0466755250000001
0.216986125 0.320718589166667 3.1725000000038E-05
0.272678541666667 0.1330642725 -0.207629525
0.218809875 0.1783827725 -0.166605275
0.249549958333334 0.1783827725 -0.115599025
0.310986625 0.1330642725 -0.144066025
0.221586375 0.1330642725 -0.261457025
0.177811125 0.1783827725 -0.209798941666667
0.334714041666667 0.1330642725 -0.0737466916666668
0.268590125 0.1783827725 -0.0591714416666668
0.275037541666667 0.1783827725 3.1724999999927E-05
0.342749125000001 0.1330642725 3.1724999999927E-05
0.221271625 0.210678914166667 -0.102496108333334
0.238154208333333 0.210678914166667 -0.0524627750000002
0.243871208333333 0.210678914166667 3.1724999999927E-05
0.157662208333334 0.210678914166667 -0.186021525
0.194014958333334 0.210678914166667 -0.147722441666667
0.320462041666667 0.0478144600000001 -0.244019441666667
0.291877875000001 0.0693772475000001 -0.222250941666667
0.332883291666667 0.0693772475 -0.154212025
0.365483125000001 0.04781446 -0.169317358333333
0.260416458333333 0.0478144600000001 -0.307279441666667
0.237188125 0.0693772475000001 -0.279868358333333
0.393368541666667 0.04781446 -0.0866753583333335
0.358281541666667 0.0693772475 -0.0789414416666667
0.366881791666668 0.0693772475 3.1724999999927E-05
0.402811208333334 0.04781446 3.1724999999927E-05
0.346664208333333 0.0999932808333334 -0.160597441666667
0.373113791666667 0.0999932808333334 -0.0822107750000001
0.382070375000001 0.0999932808333334 3.1724999999927E-05
0.247007458333334 0.0999932808333334 -0.291455858333334
0.303961208333334 0.0999932808333334 -0.231453108333333
-0.0431946249999999 0.9187879725 -0.196837441666667
-0.0499444583333331 0.9416069725 -0.227602108333333
0.00320604166666705 0.9416069725 -0.232994775
0.00277279166666666 0.9187879725 -0.201501275
0.0561880416666671 0.9416069725 -0.226141858333333
0.0485942916666673 0.9187879725 -0.195574525
0.106217541666667 0.9416069725 -0.207403608333333
0.0918622083333336 0.9187879725 -0.179368775
0.106263958333334 0.984758389166667 -0.207494441666666
0.0562128749999999 0.984758389166667 -0.226240941666667
0.00217104166666715 0.853407139166667 -0.157776275
-0.0365090416666662 0.764923714166667 -0.166366941666666
-0.0338228749999994 0.853407139166667 -0.154124358333333
0.0410729583333342 0.764923714166667 -0.165299525
0.0380511250000009 0.853407139166667 -0.153135525
0.0719316250000004 0.853407139166667 -0.140445775
0.045993291666667 0.881677555833333 -0.185105275
0.0869456250000002 0.881677555833333 -0.169766858333333
-0.0408826250000001 0.881677555833333 -0.186300525
0.00262429166666678 0.881677555833333 -0.190714775
-0.0414649583333331 0.588577130833333 -0.188954025
0.0509982083333336 0.4121645475 -0.205251358333334
-0.0453315416666662 0.4121645475 -0.206576691666667
-0.0527873749999994 0.252749764166667 -0.240559275
-0.050150125 0.290976764166667 -0.228538525
0.00321912500000021 0.290976764166667 -0.233953358333334
0.00338854166666724 0.252749764166667 -0.246258858333333
0.0564192083333337 0.290976764166667 -0.227072275
0.0593863750000008 0.252749764166667 -0.239015941666667
0.00298512500000037 0.320718589166667 -0.216933858333334
0.0523155416666672 0.320718589166667 -0.210553275
-0.0465022916666662 0.320718589166667 -0.211912858333333
0.106654625000001 0.290976764166667 -0.208256941666667
0.112263458333334 0.252749764166667 -0.219211025
0.0988967916666672 0.320718589166667 -0.193106525
0.0047151250000006 0.1330642725 -0.342684858333333
0.00378370833333364 0.1783827725 -0.274979941666667
0.0663116250000009 0.1783827725 -0.266892275
0.0826369583333335 0.1330642725 -0.332606191666667
-0.0734543749999999 0.1330642725 -0.334753858333333
-0.0589432916666661 0.1783827725 -0.268615691666667
0.156216125 0.1330642725 -0.305047525
0.125355208333334 0.1783827725 -0.244777941666667
0.0587976250000004 0.210678914166667 -0.236645275
0.111150208333334 0.210678914166667 -0.217036858333333
-0.0522641249999998 0.210678914166667 -0.238173358333333
0.00335487500000031 0.210678914166667 -0.243816441666667
0.00554162500000022 0.0478144600000001 -0.402741525
0.00504729166666706 0.0693772475000001 -0.366815608333333
0.0884556249999999 0.0693772475000001 -0.356027275
0.0971182083333337 0.0478144600000001 -0.390896691666667
-0.0863261249999994 0.0478144600000001 -0.393420608333333
-0.0786262083333327 0.0693772475000001 -0.358326108333334
0.183591041666667 0.0478144600000001 -0.358508691666667
0.167215458333334 0.0693772475000001 -0.326528191666667
0.092117458333334 0.0999932808333334 -0.370767608333334
0.174137875 0.0999932808333334 -0.340047275
-0.081881375 0.0999932808333334 -0.373161608333333
0.00525612500000072 0.0999932808333334 -0.382002525
-0.178302625 0.9187879725 -0.0939441083333332
-0.206165791666667 0.9416069725 -0.108629691666666
-0.177869958333333 0.9416069725 -0.150546941666666
-0.153830708333333 0.9187879725 -0.130196275
-0.141197374999999 0.9416069725 -0.185372941666667
-0.122114708333333 0.9187879725 -0.160315525
-0.177947874999999 0.984758389166667 -0.150612941666667
-0.141259375 0.984758389166667 -0.185454191666667
-0.206256124999999 0.984758389166667 -0.108677275
-0.0978757916666666 0.9416069725 -0.211467608333333
-0.0846477083333328 0.9187879725 -0.182883525
-0.0979187083333333 0.984758389166667 -0.211560275
-0.0499663749999995 0.984758389166667 -0.227701858333333
-0.120455625 0.853407139166667 -0.101941775
-0.150705875 0.764923714166667 -0.0793989416666665
-0.139617791666666 0.853407139166667 -0.0735549416666665
-0.103214458333333 0.764923714166667 -0.135497775
-0.0956206249999996 0.853407139166667 -0.125526358333333
-0.0662824583333332 0.853407139166667 -0.143197941666667
-0.115578875 0.881677555833333 -0.151733441666666
-0.0801174583333335 0.881677555833333 -0.173093525
-0.168759541666667 0.881677555833333 -0.0889143583333333
-0.145597291666666 0.881677555833333 -0.123226191666667
-0.171162791666666 0.588577130833333 -0.0901809416666667
-0.128155874999999 0.4121645475 -0.168248025
-0.187123208333333 0.4121645475 -0.0985931916666666
-0.217901124999999 0.252749764166667 -0.114814775
-0.207013958333333 0.290976764166667 -0.109076691666667
-0.178601458333333 0.290976764166667 -0.151166358333333
-0.187994541666667 0.252749764166667 -0.159118025
-0.141778541666666 0.290976764166667 -0.186135608333333
-0.149234625 0.252749764166667 -0.195926358333333
-0.165610541666666 0.320718589166667 -0.140168608333333
-0.131465791666667 0.320718589166667 -0.172594358333333
-0.191956375 0.320718589166667 -0.101140441666667
-0.0982782083333333 0.290976764166667 -0.212337691666667
-0.103446874999999 0.252749764166667 -0.223506358333333
-0.091129791666666 0.320718589166667 -0.196890441666667
-0.261596875 0.1330642725 -0.221427275
-0.209917291666667 0.1783827725 -0.177677275
-0.166637625 0.1783827725 -0.218777941666667
-0.207661791666666 0.1330642725 -0.272646608333333
-0.303212041666667 0.1330642725 -0.159778775
-0.243311458333332 0.1783827725 -0.128207525
-0.143947458333333 0.1330642725 -0.311024525
-0.115510208333333 0.1783827725 -0.249574191666667
-0.147754541666666 0.210678914166667 -0.193983108333333
-0.102420958333333 0.210678914166667 -0.221289608333333
-0.215740041666667 0.210678914166667 -0.113675858333333
-0.186130041666666 0.210678914166667 -0.157539775
-0.307438124999999 0.0478144600000001 -0.260235108333333
-0.280015791666666 0.0693772475000001 -0.237020275
-0.222283541666666 0.0693772475000001 -0.291845941666667
-0.244051791666666 0.0478144600000001 -0.320429941666667
-0.356346041666667 0.04781446 -0.187783525
-0.324561291666666 0.0693772475 -0.171031025
-0.169172458333333 0.0478144600000001 -0.365533108333333
-0.154083125 0.0693772475000001 -0.332926025
-0.231485541666666 0.0999932808333334 -0.303929191666667
-0.160461958333332 0.0999932808333334 -0.346710025
-0.337997625 0.0999932808333334 -0.178112775
-0.291608041666667 0.0999932808333334 -0.246833858333333
-0.178124958333333 0.9187879725 0.0943439500000001
-0.205960458333333 0.9416069725 0.109082116666667
-0.226148791666667 0.9416069725 0.0563206416666667
-0.195584791666667 0.9187879725 0.0487132250000001
-0.233048624999999 0.9416069725 0.000251641666666802
-0.201551958333333 0.9187879725 0.000221975000000096
-0.206050708333333 0.984758389166667 0.109129875
-0.226247624999999 0.984758389166667 0.0563452750000002
-0.226254624999999 0.9416069725 -0.0558301916666666
-0.195676375 0.9187879725 -0.0482805249999998
-0.226353541666667 0.984758389166667 -0.0558546916666667
-0.153150458333333 0.853407139166667 0.038151225
-0.150555458333333 0.764923714166667 0.0797467750000002
-0.139478541666666 0.853407139166667 0.0738818333333334
-0.170356958333333 0.764923714166667 0.000192558333333426
-0.157823125 0.853407139166667 0.000180725000000104
-0.153221958333333 0.853407139166667 -0.0377986083333333
-0.190764625 0.881677555833333 0.000211808333333341
-0.185203124999999 0.881677555833333 -0.0456946916666665
-0.168591375 0.881677555833333 0.08929615
-0.185116624999999 0.881677555833333 0.0461076416666668
-0.170992125 0.588577130833333 0.0905674
-0.211522958333333 0.4121645475 0.000231391666666636
-0.186936875 0.4121645475 0.0990096416666667
-0.217683958333333 0.252749764166667 0.115289341666667
-0.206807625 0.290976764166667 0.109530741666667
-0.227078958333333 0.290976764166667 0.056552225
-0.239021208333333 0.252749764166667 0.0595246666666667
-0.234007041666667 0.290976764166667 0.00025264166666672
-0.246313958333333 0.252749764166667 0.000264224999999896
-0.210561958333333 0.320718589166667 0.0524410916666666
-0.216986208333333 0.320718589166667 0.000236475000000014
-0.191765041666667 0.320718589166667 0.10156605
-0.227185125 0.290976764166667 -0.0560600250000001
-0.239133041666666 0.252749764166667 -0.0590099416666667
-0.210660458333333 0.320718589166667 -0.051980025
-0.332601125 0.1330642725 0.0828169666666666
-0.266894541666666 0.1783827725 0.0664624083333332
-0.275037625 0.1783827725 0.000291308333333129
-0.342748875 0.1330642725 0.000355224999999848
-0.302910041666666 0.1330642725 0.160414266666666
-0.243068875 0.1783827725 0.128730108333333
-0.332756874999999 0.1330642725 -0.0821255250000001
-0.267019458333333 0.1783827725 -0.0658950250000001
-0.243871208333333 0.210678914166667 0.000261891666666569
-0.236761625 0.210678914166667 -0.0584244416666668
-0.215525208333333 0.210678914166667 0.114146366666666
-0.236650958333333 0.210678914166667 0.0589346583333332
-0.390885208333333 0.04781446 0.0973239416666665
-0.356019874999999 0.0693772475 0.088645825
-0.366881875 0.0693772475 0.000377974999999808
-0.402811208333333 0.04781446 0.000411891666666553
-0.355990958333333 0.04781446 0.188519208333333
-0.324237708333333 0.0693772475 0.171706808333333
-0.391068291666667 0.04781446 -0.0965225250000001
-0.356186458333333 0.0693772475 -0.087910275
-0.382070375 0.0999932808333334 0.000392308333333258
-0.370931791666666 0.0999932808333334 -0.0915509416666669
-0.337660625 0.0999932808333333 0.178813908333333
-0.370758208333333 0.0999932808333333 0.0923143749999999
-0.0490202916666664 0.9187879725 0.195531816666667
-0.0566805416666663 0.9416069725 0.226082491666667
-0.102462291666666 0.9416069725 0.209347541666667
-0.0886146249999999 0.9187879725 0.181058616666667
-0.143761541666667 0.9416069725 0.183455516666667
-0.124331958333332 0.9187879725 0.158665866666667
-0.102507125 0.984758389166667 0.20943925
-0.143824458333333 0.984758389166667 0.183535941666667
-0.0567053749999999 0.984758389166667 0.226181516666667
-0.178771208333333 0.9416069725 0.149539125
-0.154610541666666 0.9187879725 0.129333308333333
-0.178849708333333 0.984758389166667 0.149604608333333
-0.0693885416666662 0.853407139166667 0.141782733333333
-0.0414332083333324 0.764923714166667 0.165273158333333
-0.0383849583333333 0.853407139166667 0.1531158
-0.105088708333333 0.764923714166667 0.1341132
-0.0973569583333331 0.853407139166667 0.1242484
-0.121065958333332 0.853407139166667 0.101279783333333
-0.117677541666666 0.881677555833333 0.150175383333333
-0.146335458333333 0.881677555833333 0.122412733333333
-0.0463967916666661 0.881677555833333 0.185068183333333
-0.0838717083333327 0.881677555833333 0.1713696
-0.0470573749999996 0.588577130833333 0.187703266666667
-0.130482874999999 0.4121645475 0.16651365
-0.051445208333333 0.4121645475 0.205203266666667
-0.0599068749999994 0.252749764166667 0.23894955
-0.0569138749999993 0.290976764166667 0.227012366666667
-0.102883875 0.290976764166667 0.210208625
-0.108294708333333 0.252749764166667 0.221262066666667
-0.144352791666666 0.290976764166667 0.184210116666667
-0.151944374999999 0.252749764166667 0.193896266666667
-0.0954003749999996 0.320718589166667 0.194920908333333
-0.133852791666667 0.320718589166667 0.17081345
-0.0527739583333329 0.320718589166667 0.210502358333333
-0.179506791666666 0.290976764166667 0.150154166666667
-0.188947208333333 0.252749764166667 0.158049316666667
-0.166449708333333 0.320718589166667 0.139234675
-0.150693125 0.1330642725 0.307876641666667
-0.120923208333333 0.1783827725 0.24706075
-0.169663291666666 0.1783827725 0.216503675
-0.211432625 0.1330642725 0.269796741666667
-0.0833612083333328 0.1330642725 0.332488983333333
-0.066893125 0.1783827725 0.266810825
-0.262922458333333 0.1330642725 0.2199152
-0.210981208333333 0.1783827725 0.17647645
-0.150437541666666 0.210678914166667 0.191973733333333
-0.187073291666666 0.210678914166667 0.156482191666667
-0.0593130416666661 0.210678914166667 0.236580183333333
-0.107220541666666 0.210678914166667 0.219068141666667
-0.177100374999999 0.0478144599999999 0.361822458333333
-0.161303708333334 0.0693772474999999 0.329552066666666
-0.226319791666667 0.0693772474999999 0.28879095
-0.248483541666666 0.0478144599999999 0.317069541666667
-0.0979692083333328 0.0478144599999999 0.390747833333333
-0.089230708333333 0.0693772474999999 0.355897358333333
-0.308996041666666 0.0478144599999999 0.258446941666667
-0.281434875 0.0693772474999999 0.235397233333333
-0.235689041666666 0.0999932808333333 0.300745141666667
-0.293085958333333 0.0999932808333333 0.245141
-0.0929246249999993 0.0999932808333333 0.370629641666667
-0.167981375 0.0999932808333333 0.3431937
0.121525875000001 0.9187879725 0.160825783333334
0.140516375000001 0.9416069725 0.18595295
0.0958732916666669 0.9416069725 0.212446266666667
0.0829160416666674 0.9187879725 0.183738525
0.0464727083333338 0.9416069725 0.228399641666667
0.0401917916666665 0.9187879725 0.197535808333333
0.0959152916666675 0.984758389166667 0.212539325
0.0464930416666673 0.984758389166667 0.2284997
0.140578041666667 0.984758389166667 0.186034333333333
-0.00523395833333318 0.9416069725 0.233021508333333
-0.00452662499999956 0.9187879725 0.20153305
0.0649262916666675 0.853407139166667 0.143881216666667
0.102716541666667 0.764923714166667 0.135938775
0.0951593750000006 0.853407139166667 0.125939658333333
0.033971291666667 0.764923714166667 0.166967041666667
0.031471708333334 0.853407139166667 0.154684991666667
-0.00354437499999971 0.853407139166667 0.15781495
0.0380406250000007 0.881677555833333 0.186964958333333
-0.00428412499999986 0.881677555833333 0.190748183333333
0.115021541666668 0.881677555833333 0.152219666666667
0.0784779583333339 0.881677555833333 0.173906058333333
0.116659291666667 0.588577130833333 0.154386966666667
0.0421802083333338 0.4121645475 0.207306433333333
0.127537875000001 0.4121645475 0.1687803
0.148514875 0.252749764166667 0.1965358
0.141094625000001 0.290976764166667 0.186717716666667
0.0962675416666672 0.290976764166667 0.213320066666667
0.101330541666667 0.252749764166667 0.224537141666667
0.0466637083333339 0.290976764166667 0.229339091666667
0.0491178750000003 0.252749764166667 0.241398625
0.089265291666667 0.320718589166667 0.197806008333333
0.0432696250000006 0.320718589166667 0.212659883333333
0.130831875 0.320718589166667 0.173138666666667
-0.00525529166666594 0.290976764166667 0.23397995
-0.00553179166666595 0.252749764166667 0.246283541666667
-0.00487312499999959 0.320718589166667 0.216963141666667
0.141002791666667 0.1330642725 0.312433933333333
0.113146875 0.1783827725 0.250717733333333
0.0548459583333338 0.1783827725 0.269545483333333
0.0683483750000002 0.1330642725 0.3358969
0.206660375 0.1330642725 0.273469658333333
0.165833875000001 0.1783827725 0.219451
-0.0076976249999996 0.1330642725 0.342694375
-0.0061767916666664 0.1783827725 0.275000066666667
0.0486308750000006 0.210678914166667 0.239004983333333
-0.00547679166666626 0.210678914166667 0.243841458333333
0.147042041666667 0.210678914166667 0.194587041666667
0.100325375000001 0.210678914166667 0.222310716666667
0.165711541666667 0.0478144599999999 0.367178375
0.150930875 0.0693772474999999 0.334430225
0.0731606249999999 0.0693772474999999 0.359545241666667
0.0803255416666673 0.0478144599999999 0.394752908333333
0.242875208333334 0.0478144599999999 0.321386108333333
0.221211541666667 0.0693772474999999 0.292722475
-0.00904645833333273 0.0478144599999999 0.402741525
-0.00823929166666648 0.0693772474999999 0.3668213
0.0761894583333333 0.0999932808333333 0.374428525
-0.00858037499999931 0.0999932808333333 0.382005825
0.230369375 0.0999932808333333 0.304839425
0.157179041666668 0.0999932808333333 0.348273808333333
0.201551875 0.9187879725 3.1725000000149E-05
0.233048541666667 0.9416069725 3.1725000000149E-05
0.226863375000001 0.9416069725 0.0533659166666668
0.196203041666667 0.9187879725 0.0461578083333335
0.208637041666667 0.9416069725 0.103869175
0.180439791666667 0.9187879725 0.0898355333333334
0.226962875 0.984758389166667 0.0533892833333334
0.208728291666667 0.984758389166667 0.103914633333333
0.179336375 0.9416069725 0.1488609
0.155099041666667 0.9187879725 0.128746641666667
0.179414875000001 0.984758389166667 0.148926066666667
0.153634541666667 0.853407139166667 0.0361503083333334
0.170356541666667 0.764923714166667 3.1725000000149E-05
0.157823041666667 0.853407139166667 3.1725000000149E-05
0.152512041666667 0.764923714166667 0.0759361333333335
0.141291125 0.853407139166667 0.0703515750000001
0.121448291666667 0.853407139166667 0.100820433333333
0.170782208333334 0.881677555833333 0.0850291000000001
0.146797625 0.881677555833333 0.121857533333333
0.190764541666667 0.881677555833333 3.1725000000149E-05
0.185701791666667 0.881677555833333 0.0436890583333334
0.193481291666667 0.588577130833333 3.1725000000038E-05
0.189366125 0.4121645475 0.0942782249999999
0.211522875 0.4121645475 3.1725000000038E-05
0.246313875 0.252749764166667 3.1725000000038E-05
0.234007041666667 0.290976764166667 3.1725000000038E-05
0.227796708333334 0.290976764166667 0.0535853416666666
0.239776708333334 0.252749764166667 0.0564017833333333
0.209495041666667 0.290976764166667 0.104296341666667
0.220512875000001 0.252749764166667 0.109779725
0.211227208333334 0.320718589166667 0.0496899833333334
0.194256875000001 0.320718589166667 0.0967124
0.216986125 0.320718589166667 3.1725000000038E-05
0.180073875000001 0.290976764166667 0.149473083333333
0.189544208333334 0.252749764166667 0.157332391666667
0.166975791666667 0.320718589166667 0.1386031
0.333652625000001 0.1330642725 0.0784713166666666
0.267738125 0.1783827725 0.0629752999999998
0.246227708333334 0.1783827725 0.122577875
0.306846458333334 0.1330642725 0.152747441666667
0.342749125000001 0.1330642725 3.1724999999927E-05
0.275037541666667 0.1783827725 3.1724999999927E-05
0.263753375 0.1330642725 0.218917658333333
0.211647791666667 0.1783827725 0.175675916666667
0.218326041666667 0.210678914166667 0.10869135
0.187664458333334 0.210678914166667 0.155772416666667
0.243871208333333 0.210678914166667 3.1724999999927E-05
0.237398875 0.210678914166667 0.0558427666666665
0.392120791666667 0.04781446 0.0922168583333332
0.357145125000001 0.0693772475 0.0839942833333331
0.328451625 0.0693772475 0.1635002
0.360617458333333 0.04781446 0.1795089
0.402811208333334 0.04781446 3.1724999999927E-05
0.366881791666668 0.0693772475 3.1724999999927E-05
0.309972541666667 0.0478144599999999 0.257274558333333
0.282324291666667 0.0693772474999999 0.234329433333333
0.342049125000001 0.0999932808333333 0.17026755
0.294012208333333 0.0999932808333333 0.244029016666667
0.382070375000001 0.0999932808333334 3.1724999999927E-05
0.371930541666667 0.0999932808333333 0.0874701833333332
0.401994791666667 1.38777878078145E-17 3.1724999999927E-05
0.391326041666667 -3.46944695195361E-18 0.0920300166666665
0.359886291666667 -2.42861286636753E-17 0.179145066666667
0.309344458333333 -4.16333634234434E-17 0.2567531
0.242382791666667 -5.55111512312578E-17 0.320734675
0.165375541666667 -6.59194920871187E-17 0.366434108333333
0.080162791666667 -7.28583859910259E-17 0.393952741666667
-0.00902795833333236 -7.28583859910259E-17 0.401925141666666
-0.0977705416666659 -6.93889390390723E-17 0.389955766666667
-0.176741124999999 -6.59194920871187E-17 0.361089041666667
-0.247979708333332 -5.55111512312578E-17 0.316426841666667
-0.308369791666666 -4.16333634234434E-17 0.257923058333333
-0.355269291666666 -2.77555756156289E-17 0.188137108333333
-0.390092708333333 -6.93889390390723E-18 0.0971267749999998
-0.401994541666666 1.38777878078145E-17 0.000411058333333214
-0.390275541666666 3.81639164714898E-17 -0.0963267750000001
-0.355623791666666 5.55111512312578E-17 -0.187402775
-0.306815041666667 7.28583859910259E-17 -0.259707441666667
-0.243557208333333 8.67361737988404E-17 -0.319780275
-0.168829458333333 9.71445146547012E-17 -0.364792025
-0.086151291666666 1.04083408558608E-16 -0.392623025
0.00553012499999994 1.04083408558608E-16 -0.401924941666667
0.0969211250000006 1.00613961606655E-16 -0.390104275
0.183219041666667 9.36750677027476E-17 -0.357781858333333
0.259888458333334 8.32667268468867E-17 -0.306656441666667
0.319812291666667 6.93889390390723E-17 -0.243524775
0.364742125 5.20417042793042E-17 -0.168974025
0.392570958333334 3.46944695195361E-17 -0.0864996083333334
0.401994791666667 1.38777878078145E-17 3.1724999999927E-05
-0.0253326249999999 0.983240639166667 -0.231702941666666
-0.0253326249999999 1.02689063916667 -0.233129358333333
-0.143671541666667 1.0704804725 -0.188621358333333
-0.0253326249999999 1.0704804725 -0.235743025
-0.0253326249999999 1.0704804725 0.235806516666667
-0.0576736249999996 1.0704804725 0.230043108333333
-0.0253326249999999 1.02689063916667 0.23319285
-0.0253326249999999 0.983240639166667 0.231766433333333
0.022222291666667 0.983240639166667 0.232085316666667
0.022222291666667 1.02689055583333 0.233509791666667
0.142978458333333 1.0704804725 0.189210466666667
0.022222291666667 1.0704804725 0.236119958333333
0.022222291666667 1.0704804725 -0.236056441666666
0.0571725416666666 1.0704804725 -0.230104608333333
0.022222291666667 1.02689055583333 -0.233446275
0.022222291666667 0.983240639166667 -0.232021858333333
0.212292458333334 1.0704804725 0.105688466666667
0.232665541666667 1.02689080583333 0.0295703083333334
0.235284625 1.0704804725 0.0295703083333334
-0.209778041666667 1.0704804725 -0.110533525
-0.233012708333333 1.0268907225 -0.0266306916666665
-0.235628041666667 1.0704804725 -0.0266306916666665
0.231585291666667 0.983240639166667 -0.0266306916666665
0.233012625000001 1.0268907225 -0.0266306916666665
0.153305208333334 1.0704804725 -0.180879858333333
0.235627958333334 1.0704804725 -0.0266306916666665
-0.231585375 0.983240639166667 -0.0266306916666665
-0.231236291666667 0.983240639166667 0.0295703083333334
-0.232665874999999 1.02689080583333 0.0295703083333334
-0.146280125 1.0704804725 0.186669325
-0.235284958333333 1.0704804725 0.0295703083333334
0.231235958333334 0.983240639166667 0.0295703083333334
0.233115041666667 0.983240639166667 3.1725000000149E-05
-0.233129041666666 0.983240639166667 0.00148047500000004
0.233115041666667 0.983240639166667 3.1725000000149E-05
-0.189561708333333 0.979337055833333 3.1725000000149E-05
-0.0253326249999999 0.983240639166667 0.189091575
0.00137504166666691 0.979337055833333 0.190968641666667
0.190013375 0.983240639166667 0.0295703083333334
0.192312041666667 0.979337055833333 3.1725000000149E-05
0.022222291666667 0.983240639166667 -0.189763691666667
0.00137504166666691 0.979337055833333 -0.190905108333333
-0.0253326249999999 0.983240639166667 -0.189028025
-0.189561708333333 0.979337055833333 3.1725000000149E-05
-0.0253326249999999 1.0704804725 -0.189028025
-0.0540003749999993 1.0704804725 -0.182698775
-0.0253326249999999 1.02686063916667 -0.189028025
-0.187691208333333 1.02686063916667 -0.0266306916666665
-0.187263041666666 0.983240639166667 0.0295703083333334
-0.0253326249999999 1.02686063916667 0.189091575
-0.0536377083333335 1.0704804725 0.182871866666667
-0.0253326249999999 1.0704804725 0.189091491666667
0.022222291666667 1.0704804725 0.189827175
0.0511837916666673 1.0704804725 0.184357533333333
0.022222291666667 1.02686063916667 0.189827175
0.190013375 1.02686063916667 0.0295703083333334
0.022222291666667 0.983240639166667 0.189827175
0.190441291666668 0.983240639166667 -0.0266306916666665
0.022222291666667 1.02686063916667 -0.189763691666667
0.0515468750000005 1.0704804725 -0.184195525
0.022222291666667 1.0704804725 -0.189763691666667
-0.0817128749999991 1.0704804725 0.171942441666667
-0.108396708333332 1.0704804725 0.156259266666667
-0.132511041666666 1.0704804725 0.136162016666667
-0.187263041666666 1.02686063916667 0.0295703083333334
-0.153018791666666 1.0704804725 0.112368
-0.169168624999999 1.0704804725 0.0858907416666668
-0.180580958333333 1.0704804725 0.0579014333333334
-0.187263041666666 1.0704804725 0.0295703083333334
0.0808237083333339 1.0704804725 -0.173590858333333
0.108767625 1.0704804725 -0.157840858333333
0.134052125 1.0704804725 -0.137276941666667
0.190441291666668 1.02686063916667 -0.0266306916666665
0.155499625000001 1.0704804725 -0.112673858333333
0.172254041666667 1.0704804725 -0.0851578583333332
0.183892708333333 1.0704804725 -0.0560411083333332
0.190441291666668 1.0704804725 -0.0266306916666665
-0.187691208333333 0.983240639166667 -0.0266306916666665
-0.181369374999999 1.0704804725 -0.0552981916666666
-0.187691208333333 1.0704804725 -0.0266306916666665
0.183093541666667 1.0704804725 0.0586436333333333
0.190013375 1.0704804725 0.0295703083333334
0.192340041666667 0.983240639166667 0.00148589166666679
-0.189561708333333 0.983240639166667 3.1725000000149E-05
-0.189561708333333 0.983240639166667 3.1725000000149E-05
-0.170214541666667 1.0704804725 -0.0837171916666666
-0.154188374999999 1.0704804725 -0.110679275
-0.133655708333333 1.0704804725 -0.134963108333333
-0.109377125 1.0704804725 -0.155502525
-0.0824182916666665 1.0704804725 -0.171536275
0.171188791666667 1.0704804725 0.0873254666666667
0.154307791666668 1.0704804725 0.114349016666667
0.132888291666667 1.0704804725 0.138455758333333
0.107774875 1.0704804725 0.158575191666667
0.0801132083333336 1.0704804725 0.173977666666667
0.235627958333334 1.0704804725 -0.0266306916666665
0.190441291666668 1.0704804725 -0.0266306916666665
0.233012625000001 1.0268907225 -0.0266306916666665
0.231585291666667 0.983240639166667 -0.0266306916666665
0.190441291666668 1.02686063916667 -0.0266306916666665
0.190441291666668 0.983240639166667 -0.0266306916666665
0.190013375 1.0704804725 0.0295703083333334
0.235284625 1.0704804725 0.0295703083333334
0.232665541666667 1.02689080583333 0.0295703083333334
0.231235958333334 0.983240639166667 0.0295703083333334
0.190013375 1.02686063916667 0.0295703083333334
0.190013375 0.983240639166667 0.0295703083333334
-0.210189375 0.983240639166667 0.00146980833333332
-0.221652208333333 0.983240639166667 0.00146980833333332
-0.221652208333333 0.983240639166667 0.0155200583333335
-0.210189375 0.983240639166667 0.0155200583333335
-0.210189375 0.983240639166667 -0.0125804416666666
-0.221652208333333 0.983240639166667 -0.0125804416666666
-0.198726208333333 0.983240639166667 0.00146980833333332
-0.198726208333333 0.983240639166667 0.0155200583333335
-0.198726208333333 0.983240639166667 -0.0125804416666666
-0.231585375 0.983240639166667 -0.0266306916666665
-0.233129041666666 0.983240639166667 0.00148047500000004
-0.231236291666667 0.983240639166667 0.0295703083333334
-0.189561708333333 0.983240639166667 3.1725000000149E-05
-0.187691208333333 0.983240639166667 -0.0266306916666665
-0.187263041666666 0.983240639166667 0.0295703083333334
0.211564208333334 0.983240639166667 0.00146980833333332
0.200788625 0.983240639166667 0.00146980833333332
0.200788625 0.983240639166667 0.0155200583333335
0.211564208333334 0.983240639166667 0.0155200583333335
0.211564208333334 0.983240639166667 -0.0125804416666666
0.200788625 0.983240639166667 -0.0125804416666666
0.222339791666667 0.983240639166667 0.00146980833333332
0.222339791666667 0.983240639166667 0.0155200583333335
0.222339791666667 0.983240639166667 -0.0125804416666666
0.233115041666667 0.983240639166667 3.1725000000149E-05
0.231585291666667 0.983240639166667 -0.0266306916666665
0.231235958333334 0.983240639166667 0.0295703083333334
0.190441291666668 0.983240639166667 -0.0266306916666665
0.192340041666667 0.983240639166667 0.00148589166666679
0.190013375 0.983240639166667 0.0295703083333334
Indexes 3462
0 2 1 1 4 3 3 6 5 5 6 7 6 4 8 8 4 9 9 4 10 4 1 11 11 13 12 12 13 14 14 13 15 15 13 16 13 11 17 17 19 18 19 11 20 20 22 21 21 22 23 23 22 24 22 20 25 25 1 26 26 2 27 2 26 1 4 6 3 1 25 11 11 19 17 11 25 20 28 30 29 29 31 28 32 34 33 34 36 35 37 35 36 36 34 32 38 40 39 40 42 41 43 41 42 42 40 38 44 46 45 47 48 46 45 46 48 48 47 49 50 52 51 53 54 52 51 52 54 54 53 55 56 58 57 56 59 58 60 57 61 60 56 57 62 59 56 62 63 59 64 56 60 64 62 56 65 61 66 67 63 68 66 57 67 68 62 65 58 67 57 59 67 58 61 65 60 57 66 61 63 67 59 62 68 63 60 65 64 64 65 62 69 71 70 69 72 71 73 70 74 73 69 70 75 72 69 75 76 72 77 69 73 77 75 69 78 72 79 80 73 81 81 70 78 79 75 80 71 78 70 72 78 71 74 81 73 70 81 74 76 79 72 75 79 76 73 80 77 77 80 75 82 84 83 84 86 85 87 85 86 86 84 82 88 90 89 91 92 90 89 90 92 92 91 93 94 96 95 95 96 97 97 99 98 98 101 100 101 98 102 102 98 103 103 98 99 99 97 104 104 97 105 105 97 106 106 97 96 107 109 108 108 109 110 110 109 111 111 113 112 112 113 114 114 113 115 115 113 116 116 118 117 117 118 119 118 116 113 113 111 109 120 122 121 121 122 123 123 122 124 124 126 125 125 126 127 127 126 128 128 126 129 129 131 130 130 131 132 131 129 126 126 124 122 133 135 134 134 135 136 136 138 137 137 140 139 140 137 141 141 137 142 142 137 138 138 136 143 143 136 144 144 136 145 145 136 135 146 148 147 146 149 148 149 150 148 149 151 150 148 153 152 148 150 153 147 152 154 147 148 152 151 155 150 151 156 155 156 157 155 156 158 157 150 159 153 150 155 159 160 162 161 163 164 160 161 163 160 165 164 163 166 167 165 163 166 165 164 169 168 164 165 169 165 170 169 165 167 170 169 158 156 169 170 158 168 156 151 168 169 156 162 172 171 162 160 172 160 168 172 160 164 168 172 151 149 172 168 151 171 149 146 171 172 149 163 161 173 174 166 163 173 174 163 175 176 174 173 177 175 174 173 175 178 180 179 178 181 180 181 182 180 181 183 182 180 185 184 180 182 185 179 184 186 179 180 184 183 187 182 183 188 187 188 189 187 188 190 189 187 192 191 187 189 192 182 191 185 182 187 191 191 192 176 175 185 191 176 175 191 184 185 175 177 186 184 175 177 184 193 195 194 193 196 195 194 197 193 194 198 197 199 201 200 199 202 201 200 196 199 200 195 196 195 204 203 195 200 204 200 205 204 200 201 205 204 190 188 204 205 190 203 188 183 203 204 188 198 207 206 198 194 207 194 203 207 194 195 203 207 183 181 207 203 183 206 181 178 206 207 181 208 210 209 208 211 210 212 209 213 212 208 209 214 216 215 214 217 216 211 215 210 211 214 215 210 219 218 210 215 219 215 220 219 215 216 220 219 202 199 219 220 202 218 199 196 218 219 199 213 222 221 213 209 222 209 218 222 209 210 218 222 196 193 222 218 196 221 193 197 221 222 193 223 225 224 223 226 225 226 227 225 226 228 227 228 229 227 228 230 229 230 147 229 230 146 147 229 154 231 229 147 154 227 231 232 227 229 231 233 235 234 236 237 233 234 236 233 238 237 236 161 162 238 236 161 238 237 240 239 237 238 240 238 171 240 238 162 171 240 146 230 240 171 146 239 230 228 239 240 230 235 242 241 235 233 242 233 239 242 233 237 239 242 228 226 242 239 228 241 226 223 241 242 226 236 234 243 173 161 236 243 173 236 244 177 173 243 245 244 173 243 244 246 248 247 246 249 248 249 250 248 249 251 250 248 253 252 248 250 253 247 252 254 247 248 252 251 255 250 251 256 255 256 179 255 256 178 179 255 186 257 255 179 186 250 257 253 250 255 257 257 186 177 244 253 257 177 244 257 252 253 244 245 254 252 244 245 252 258 260 259 258 261 260 259 262 258 259 263 262 264 198 265 264 197 198 265 261 264 265 260 261 260 267 266 260 265 267 265 206 267 265 198 206 267 178 256 267 206 178 266 256 251 266 267 256 263 269 268 263 259 269 259 266 269 259 260 266 269 251 249 269 266 251 268 249 246 268 269 249 270 272 271 270 273 272 274 271 275 274 270 271 276 213 277 276 212 213 273 277 272 273 276 277 272 279 278 272 277 279 277 221 279 277 213 221 279 197 264 279 221 197 278 264 261 278 279 264 275 281 280 275 271 281 271 278 281 271 272 278 281 261 258 281 278 261 280 258 262 280 281 258 282 284 283 282 285 284 285 286 284 285 287 286 284 289 288 284 286 289 283 288 290 283 284 288 287 291 286 287 292 291 292 224 291 292 223 224 291 294 293 291 224 294 286 293 289 286 291 293 295 297 296 298 299 295 296 298 295 300 299 298 234 235 300 298 234 300 299 302 301 299 300 302 300 241 302 300 235 241 302 223 292 302 241 223 301 292 287 301 302 292 297 304 303 297 295 304 295 301 304 295 299 301 304 287 285 304 301 287 303 285 282 303 304 285 298 296 305 243 234 298 305 243 298 306 245 243 305 307 306 243 305 306 308 310 309 308 311 310 311 312 310 311 313 312 310 315 314 310 312 315 309 314 316 309 310 314 313 317 312 313 318 317 318 247 317 318 246 247 317 254 319 317 247 254 312 319 315 312 317 319 319 254 245 306 315 319 245 306 319 314 315 306 307 316 314 306 307 314 320 322 321 320 323 322 321 324 320 321 325 324 326 263 327 326 262 263 327 323 326 327 322 323 322 329 328 322 327 329 327 268 329 327 263 268 329 246 318 329 268 246 328 318 313 328 329 318 325 331 330 325 321 331 321 328 331 321 322 328 331 313 311 331 328 313 330 311 308 330 331 311 332 334 333 332 335 334 336 333 337 336 332 333 338 275 339 338 274 275 335 339 334 335 338 339 334 341 340 334 339 341 339 280 341 339 275 280 341 262 326 341 280 262 340 326 323 340 341 326 337 343 342 337 333 343 333 340 343 333 334 340 343 323 320 343 340 323 342 320 324 342 343 320 344 346 345 344 347 346 347 348 346 347 349 348 345 351 350 345 346 351 349 352 348 349 353 352 353 283 352 353 282 283 352 290 354 352 283 290 355 357 356 358 359 355 356 358 355 360 359 358 296 297 360 358 296 360 359 362 361 359 360 362 360 303 362 360 297 303 362 282 353 362 303 282 361 353 349 361 362 353 357 364 363 357 355 364 355 361 364 355 359 361 364 349 347 364 361 349 363 347 344 363 364 347 358 356 365 305 296 358 365 305 358 366 307 305 365 367 366 305 365 366 368 370 369 368 371 370 371 372 370 371 373 372 370 375 374 370 372 375 369 374 376 369 370 374 373 377 372 373 378 377 378 309 377 378 308 309 377 316 379 377 309 316 372 379 375 372 377 379 379 316 307 366 375 379 307 366 379 374 375 366 367 376 374 366 367 374 380 382 381 380 383 382 381 384 380 381 385 384 386 325 387 386 324 325 387 383 386 387 382 383 382 389 388 382 387 389 387 330 389 387 325 330 389 308 378 389 330 308 388 378 373 388 389 378 385 391 390 385 381 391 381 388 391 381 382 388 391 373 371 391 388 373 390 371 368 390 391 371 392 394 393 392 395 394 396 393 397 396 392 393 398 337 399 398 336 337 395 399 394 395 398 399 394 401 400 394 399 401 399 342 401 399 337 342 401 324 386 401 342 324 400 386 383 400 401 386 397 403 402 397 393 403 393 400 403 393 394 400 403 383 380 403 400 383 402 380 384 402 403 380 404 406 405 404 407 406 407 408 406 407 409 408 406 411 410 406 408 411 405 410 412 405 406 410 409 413 408 409 414 413 414 345 413 414 344 345 413 350 415 413 345 350 408 415 411 408 413 415 416 418 417 419 420 416 417 419 416 421 420 419 356 357 421 419 356 421 420 423 422 420 421 423 421 363 423 421 357 363 423 344 414 423 363 344 422 414 409 422 423 414 418 425 424 418 416 425 416 422 425 416 420 422 425 409 407 425 422 409 424 407 404 424 425 407 419 417 426 365 356 419 426 365 419 427 367 365 426 428 427 365 426 427 429 431 430 429 432 431 432 433 431 432 434 433 431 436 435 431 433 436 430 435 437 430 431 435 434 438 433 434 439 438 439 369 438 439 368 369 438 376 440 438 369 376 433 440 436 433 438 440 440 376 367 427 436 440 367 427 440 435 436 427 428 437 435 427 428 435 441 443 442 441 444 443 442 445 441 442 446 445 447 385 448 447 384 385 448 444 447 448 443 444 443 450 449 443 448 450 448 390 450 448 385 390 450 368 439 450 390 368 449 439 434 449 450 439 446 452 451 446 442 452 442 449 452 442 443 449 452 434 432 452 449 434 451 432 429 451 452 432 453 455 454 453 456 455 457 454 458 457 453 454 459 397 460 459 396 397 456 460 455 456 459 460 455 462 461 455 460 462 460 402 462 460 397 402 462 384 447 462 402 384 461 447 444 461 462 447 458 464 463 458 454 464 454 461 464 454 455 461 464 444 441 464 461 444 463 441 445 463 464 441 465 467 466 465 468 467 468 469 467 468 470 469 467 472 471 467 469 472 466 471 473 466 467 471 470 474 469 470 475 474 475 405 474 475 404 405 476 478 477 479 480 476 477 479 476 481 480 479 417 418 481 479 417 481 480 483 482 480 481 483 481 424 483 481 418 424 483 404 475 483 424 404 482 475 470 482 483 475 478 485 484 478 476 485 476 482 485 476 480 482 485 470 468 485 482 470 484 468 465 484 485 468 479 477 486 426 417 479 486 426 479 487 428 426 486 488 487 426 486 487 489 491 490 489 492 491 492 493 491 492 494 493 491 496 495 491 493 496 490 495 497 490 491 495 494 498 493 494 499 498 499 430 498 499 429 430 498 437 500 498 430 437 493 500 496 493 498 500 500 437 428 487 496 500 428 487 500 495 496 487 488 497 495 487 488 495 501 503 502 501 504 503 502 505 501 502 506 505 507 446 508 507 445 446 508 504 507 508 503 504 503 510 509 503 508 510 508 451 510 508 446 451 510 429 499 510 451 429 509 499 494 509 510 499 506 512 511 506 502 512 502 509 512 502 503 509 512 494 492 512 509 494 511 492 489 511 512 492 513 515 514 513 516 515 517 514 518 517 513 514 519 458 520 519 457 458 516 520 515 516 519 520 515 522 521 515 520 522 520 463 522 520 458 463 522 445 507 522 463 445 521 507 504 521 522 507 518 524 523 518 514 524 514 521 524 514 515 521 524 504 501 524 521 504 523 501 505 523 524 501 525 527 526 525 528 527 528 529 527 528 530 529 527 532 531 527 529 532 530 533 529 530 534 533 534 466 533 534 465 466 533 473 535 533 466 473 529 535 532 529 533 535 536 538 537 539 540 536 537 539 536 541 540 539 477 478 541 539 477 541 540 543 542 540 541 543 541 484 543 541 478 484 543 465 534 543 484 465 542 534 530 542 543 534 538 545 544 538 536 545 536 542 545 536 540 542 545 530 528 545 542 530 544 528 525 544 545 528 539 537 546 486 477 539 546 486 539 547 488 486 546 548 547 486 546 547 549 551 550 549 552 551 552 553 551 552 554 553 551 556 555 551 553 556 550 555 557 550 551 555 554 558 553 554 559 558 559 490 558 559 489 490 558 497 560 558 490 497 553 560 556 553 558 560 560 497 488 547 556 560 488 547 560 555 556 547 548 557 555 547 548 555 561 563 562 561 564 563 562 565 561 562 566 565 567 506 568 567 505 506 568 564 567 568 563 564 563 570 569 563 568 570 568 511 570 568 506 511 570 489 559 570 511 489 569 559 554 569 570 559 566 572 571 566 562 572 562 569 572 562 563 569 572 554 552 572 569 554 571 552 549 571 572 552 573 575 574 573 576 575 577 574 578 577 573 574 579 518 580 579 517 518 576 580 575 576 579 580 575 582 581 575 580 582 580 523 582 580 518 523 582 505 567 582 523 505 581 567 564 581 582 567 578 584 583 578 574 584 574 581 584 574 575 581 584 564 561 584 581 564 583 561 565 583 584 561 585 586 573 586 587 576 587 588 579 588 589 517 589 590 513 590 591 516 591 592 519 592 593 457 593 594 453 594 595 456 595 596 459 596 597 396 597 598 392 598 599 395 599 600 398 600 601 336 601 602 332 602 603 335 603 604 338 604 605 274 605 606 270 606 607 273 607 608 276 608 609 212 609 610 208 610 611 211 611 612 214 612 613 217 614 615 294 615 617 616 618 620 619 620 621 412 622 623 472 623 625 624 626 628 627 628 629 232 629 614 225 621 622 474 624 630 535 630 632 631 616 633 288 633 635 634 636 637 159 637 639 638 634 640 354 641 642 351 642 644 643 631 645 531 646 636 157 640 647 348 647 641 348 645 648 526 638 627 628 643 619 620 577 585 573 152 153 637 154 152 638 155 157 636 159 155 636 153 159 637 211 208 610 208 212 609 217 214 612 214 211 611 224 225 614 225 227 629 231 154 638 232 231 628 227 232 629 273 270 606 270 274 605 212 276 608 276 273 607 288 289 616 290 288 633 294 224 614 293 294 615 289 293 616 335 332 602 332 336 601 274 338 604 338 335 603 346 348 641 351 346 641 350 351 642 348 352 640 354 290 634 352 354 640 395 392 598 392 396 597 336 398 600 398 395 599 410 411 620 412 410 620 405 412 621 415 350 642 411 415 643 456 453 594 453 457 593 396 459 596 459 456 595 472 469 622 471 472 623 473 471 623 469 474 622 474 405 621 516 513 590 513 517 589 457 519 592 519 516 591 526 527 645 531 532 631 527 531 645 535 473 624 532 535 630 576 573 586 517 579 588 579 576 587 615 616 293 623 624 473 630 631 532 633 634 290 637 638 152 642 643 415 638 628 231 643 620 411 649 651 650 651 653 652 653 655 654 655 657 656 658 660 659 660 656 661 650 663 662 663 665 664 666 668 667 668 670 669 654 672 671 672 674 673 656 654 655 670 650 651 664 675 663 675 676 663 676 677 663 677 679 678 679 680 678 680 681 678 681 682 678 673 683 672 683 684 672 684 685 672 685 687 686 687 688 686 688 689 686 689 690 686 686 671 672 691 661 656 661 693 692 678 662 663 652 669 670 669 695 694 671 696 653 696 652 653 697 691 657 662 698 649 692 699 661 699 700 661 700 701 661 701 702 660 702 703 660 703 659 660 694 704 669 704 705 669 705 706 669 706 707 668 707 708 668 708 667 668 649 650 662 651 652 670 653 654 671 656 657 691 660 661 701 668 669 706 663 677 678 672 685 686 709 711 710 712 713 711 710 711 713 713 712 714 715 717 716 717 719 718 720 718 719 719 717 715 721 723 722 721 724 723 725 722 726 725 721 722 727 724 721 727 728 724 729 721 725 729 727 721 730 726 731 731 723 732 733 729 734 735 728 733 734 725 730 732 724 735 723 731 722 724 732 723 726 730 725 722 731 726 728 735 724 727 733 728 725 734 729 729 733 727 736 738 737 736 739 738 740 737 741 740 736 737 742 739 736 742 743 739 744 736 740 744 742 736 745 744 746 747 743 745 748 741 749 749 738 750 746 740 748 750 739 747 738 749 737 739 750 738 741 748 740 737 749 741 743 747 739 742 745 743 740 746 744 744 745 742 
TexCoords 751
0.28803203 0.45681125
0.25461385 0.46068662
0.31946436 0.46023434
0.22296949 0.47210699
0.15687872 0.66703582
0.19477855 0.4904663
0.15493716 0.54276258
0.17153737 0.51478991
0.14494108 0.57371601
0.14204511 0.60611433
0.14639297 0.63834992
0.17310217 0.69291309
0.19435355 0.71484959
0.32303405 0.74460164
0.21970315 0.73188573
0.25276247 0.74453533
0.28789422 0.74885866
0.35611719 0.73201448
0.38238174 0.71428478
0.40420306 0.69130656
0.42055348 0.66416192
0.43066302 0.6341292
0.41800705 0.53628102
0.43404195 0.60082608
0.42974806 0.5676285
0.39943585 0.50843096
0.37650338 0.48666376
0.34942299 0.47034317
0.27995405 0.81929643
0.14200827 0.81929643
0.21098116 0.75032355
0.21098116 0.88826932
0.051344655 0.53236938
0.051344655 0.535328
0.060435697 0.53516248
0.069539294 0.53507212
0.060441975 0.53236938
0.069539294 0.53236938
0.11252332 0.80123839
0.10967211 0.80123839
0.10983288 0.81015995
0.10992061 0.81909381
0.11252332 0.81016609
0.11252332 0.81909381
0.051344655 0.60495645
0.051344655 0.60791507
0.060435697 0.605122
0.069539294 0.60521233
0.060441975 0.60791507
0.069539294 0.60791507
0.10254157 0.80123839
0.099690363 0.80123839
0.10238081 0.81015995
0.10229308 0.81909381
0.099690363 0.81016609
0.099690363 0.81909381
0.039995335 0.98122263
0.039995335 0.99061131
0.040647089 0.99061131
0.040647089 0.98122263
0.039343581 0.98122263
0.039343581 0.99061131
0.039995335 0.97183394
0.040647089 0.97183394
0.039343581 0.97183394
0.03875469 0.96244526
0.038773563 1
0.041298848 1
0.041255318 0.96244526
0.030185699 0.98122263
0.030185699 0.99061131
0.030837456 0.99061131
0.030837456 0.98122263
0.029533943 0.98122263
0.029533943 0.99061131
0.030185699 0.97183394
0.030837456 0.97183394
0.029533943 0.97183394
0.031407472 1
0.031426344 0.96244526
0.028925719 0.96244526
0.028882187 1
0.11790913 0.63070357
0.11790913 0.63379624
0.12921846 0.63362753
0.14054343 0.63353544
0.12922628 0.63070357
0.14054343 0.63070357
0.11790913 0.5049251
0.11790913 0.50802872
0.12921844 0.50509435
0.14054343 0.50518674
0.12922628 0.50802872
0.14054343 0.50802872
0.077613764 0.4077301
0.070716023 0.4077301
0.078548312 0.41198981
0.0776738 0.42531395
0.089203931 0.43513662
0.089182414 0.4268766
0.10159267 0.43897766
0.10159267 0.43185478
0.097359754 0.43091542
0.09316352 0.42925793
0.085596763 0.42382568
0.082564011 0.42021817
0.080196515 0.41621238
0.068853237 0.40773922
0.062051728 0.40773922
0.068014108 0.41254336
0.06114617 0.41194379
0.059554886 0.41611427
0.057271492 0.42007804
0.061699066 0.42570549
0.054345414 0.4236601
0.050881095 0.42670649
0.04702612 0.42910546
0.042950992 0.43080074
0.038826097 0.43892676
0.038826097 0.43179333
0.56821871 0.95789637
0.57557863 0.95789637
0.56916499 0.9522225
0.57646388 0.95313578
0.57814991 0.94838297
0.58065397 0.94384656
0.57699102 0.93661632
0.58392334 0.93974183
0.58783484 0.93626008
0.59220952 0.93354014
0.59683871 0.9316507
0.60151458 0.92325199
0.60151458 0.93058763
0.20895632 0.95789637
0.21621567 0.95789637
0.20809861 0.95319474
0.20885961 0.93829273
0.19576222 0.92704029
0.19712029 0.93645352
0.18382585 0.92330772
0.18382585 0.9306571
0.18838494 0.93178048
0.19288264 0.93371308
0.20090057 0.93993081
0.20405558 0.94400774
0.20647089 0.9484983
0.26030877 0.3962552
0.26030877 0.41102797
0.23073365 0.41102797
0.23073365 0.3962552
0.20115852 0.41102797
0.20115852 0.3962552
0.23073365 0.4258008
0.20115852 0.4258008
0.26030877 0.4258008
0.1715834 0.41102797
0.1715834 0.3962552
0.14200827 0.41102797
0.14200827 0.3962552
0.1715834 0.4258008
0.23073365 0.36487478
0.26030877 0.33349437
0.26030877 0.36487478
0.20115852 0.33349437
0.20115852 0.36487478
0.1715834 0.36487478
0.14200827 0.33349437
0.14200827 0.36487478
0.20115852 0.38056499
0.1715834 0.38056499
0.14200827 0.38056499
0.26030877 0.38056499
0.23073365 0.38056499
0.26030877 0.26982403
0.14200827 0.26982403
0.20115852 0.20951456
0.14200827 0.20951456
0.26030877 0.20951456
0.26030877 0.14943326
0.26030877 0.16445357
0.23073365 0.16445357
0.23073365 0.14943326
0.20115852 0.16445357
0.20115852 0.14943326
0.23073365 0.17947388
0.20115852 0.17947388
0.26030877 0.17947388
0.1715834 0.16445357
0.1715834 0.14943326
0.14200827 0.16445357
0.14200827 0.14943326
0.1715834 0.17947388
0.14200827 0.17947388
0.23073365 0.090425193
0.23073365 0.11992919
0.20115852 0.11992919
0.20115852 0.090425193
0.26030877 0.090425193
0.26030877 0.11992919
0.1715834 0.090425193
0.1715834 0.11992919
0.14200827 0.11992919
0.14200827 0.090425193
0.20115852 0.13468122
0.1715834 0.13468122
0.14200827 0.13468122
0.26030877 0.13468122
0.23073365 0.13468122
0.23073365 0.046898246
0.23073365 0.061407208
0.20115852 0.061407208
0.20115852 0.046898246
0.26030877 0.046898246
0.26030877 0.061407208
0.1715834 0.046898246
0.1715834 0.061407208
0.14200827 0.061407208
0.14200827 0.046898246
0.20115852 0.075916171
0.1715834 0.075916171
0.14200827 0.075916171
0.26030877 0.075916171
0.23073365 0.075916171
0.3855831 0.3962552
0.3855831 0.41102797
0.35426453 0.41102797
0.35426453 0.3962552
0.32294592 0.41102797
0.32294592 0.3962552
0.29162735 0.41102797
0.29162735 0.3962552
0.29162735 0.4258008
0.32294592 0.4258008
0.35426453 0.36487478
0.3855831 0.33349437
0.3855831 0.36487478
0.32294592 0.33349437
0.32294592 0.36487478
0.29162735 0.36487478
0.32294592 0.38056499
0.29162735 0.38056499
0.3855831 0.38056499
0.35426453 0.38056499
0.3855831 0.26982403
0.32294592 0.20951456
0.3855831 0.20951456
0.3855831 0.14943326
0.3855831 0.16445357
0.35426453 0.16445357
0.35426453 0.14943326
0.32294592 0.16445357
0.32294592 0.14943326
0.35426453 0.17947388
0.32294592 0.17947388
0.3855831 0.17947388
0.29162735 0.16445357
0.29162735 0.14943326
0.29162735 0.17947388
0.35426453 0.090425193
0.35426453 0.11992919
0.32294592 0.11992919
0.32294592 0.090425193
0.3855831 0.090425193
0.3855831 0.11992919
0.29162735 0.090425193
0.29162735 0.11992919
0.32294592 0.13468122
0.29162735 0.13468122
0.3855831 0.13468122
0.35426453 0.13468122
0.35426453 0.046898246
0.35426453 0.061407208
0.32294592 0.061407208
0.32294592 0.046898246
0.3855831 0.046898246
0.3855831 0.061407208
0.29162735 0.046898246
0.29162735 0.061407208
0.32294592 0.075916171
0.29162735 0.075916171
0.3855831 0.075916171
0.35426453 0.075916171
0.50414819 0.3962552
0.50414819 0.41102797
0.47450688 0.41102797
0.47450688 0.3962552
0.44486564 0.41102797
0.44486564 0.3962552
0.47450688 0.4258008
0.44486564 0.4258008
0.50414819 0.4258008
0.41522437 0.41102797
0.41522437 0.3962552
0.41522437 0.4258008
0.3855831 0.4258008
0.47450688 0.36487478
0.50414819 0.33349437
0.50414819 0.36487478
0.44486564 0.33349437
0.44486564 0.36487478
0.41522437 0.36487478
0.44486564 0.38056499
0.41522437 0.38056499
0.50414819 0.38056499
0.47450688 0.38056499
0.50414819 0.26982403
0.44486564 0.20951456
0.50414819 0.20951456
0.50414819 0.14943326
0.50414819 0.16445357
0.47450688 0.16445357
0.47450688 0.14943326
0.44486564 0.16445357
0.44486564 0.14943326
0.47450688 0.17947388
0.44486564 0.17947388
0.50414819 0.17947388
0.41522437 0.16445357
0.41522437 0.14943326
0.41522437 0.17947388
0.47450688 0.090425193
0.47450688 0.11992919
0.44486564 0.11992919
0.44486564 0.090425193
0.50414819 0.090425193
0.50414819 0.11992919
0.41522437 0.090425193
0.41522437 0.11992919
0.44486564 0.13468122
0.41522437 0.13468122
0.50414819 0.13468122
0.47450688 0.13468122
0.47450688 0.046898246
0.47450688 0.061407208
0.44486564 0.061407208
0.44486564 0.046898246
0.50414819 0.046898246
0.50414819 0.061407208
0.41522437 0.046898246
0.41522437 0.061407208
0.44486564 0.075916171
0.41522437 0.075916171
0.50414819 0.075916171
0.47450688 0.075916171
0.63665253 0.3962552
0.63665253 0.41102797
0.60352647 0.41102797
0.60352647 0.3962552
0.57040036 0.41102797
0.57040036 0.3962552
0.63665253 0.4258008
0.60352647 0.4258008
0.53727424 0.41102797
0.53727424 0.3962552
0.53727424 0.4258008
0.60352647 0.36487478
0.63665253 0.33349437
0.63665253 0.36487478
0.57040036 0.33349437
0.57040036 0.36487478
0.53727424 0.36487478
0.57040036 0.38056499
0.53727424 0.38056499
0.63665253 0.38056499
0.60352647 0.38056499
0.63665253 0.26982403
0.57040036 0.20951456
0.63665253 0.20951456
0.63665253 0.14943326
0.63665253 0.16445357
0.60352647 0.16445357
0.60352647 0.14943326
0.57040036 0.16445357
0.57040036 0.14943326
0.60352647 0.17947388
0.57040036 0.17947388
0.63665253 0.17947388
0.53727424 0.16445357
0.53727424 0.14943326
0.53727424 0.17947388
0.60352647 0.090425193
0.60352647 0.11992919
0.57040036 0.11992919
0.57040036 0.090425193
0.63665253 0.090425193
0.63665253 0.11992919
0.53727424 0.090425193
0.53727424 0.11992919
0.57040036 0.13468122
0.53727424 0.13468122
0.63665253 0.13468122
0.60352647 0.13468122
0.60352647 0.046898246
0.60352647 0.061407208
0.57040036 0.061407208
0.57040036 0.046898246
0.63665253 0.046898246
0.63665253 0.061407208
0.53727424 0.046898246
0.53727424 0.061407208
0.57040036 0.075916171
0.53727424 0.075916171
0.63665253 0.075916171
0.60352647 0.075916171
0.75091261 0.3962552
0.75091261 0.41102797
0.72234756 0.41102797
0.72234756 0.3962552
0.69378257 0.41102797
0.69378257 0.3962552
0.72234756 0.4258008
0.69378257 0.4258008
0.75091261 0.4258008
0.66521752 0.41102797
0.66521752 0.3962552
0.66521752 0.4258008
0.72234756 0.36487478
0.75091261 0.33349437
0.75091261 0.36487478
0.69378257 0.33349437
0.69378257 0.36487478
0.66521752 0.36487478
0.69378257 0.38056499
0.66521752 0.38056499
0.75091261 0.38056499
0.72234756 0.38056499
0.75091261 0.26982403
0.69378257 0.20951456
0.75091261 0.20951456
0.75091261 0.14943326
0.75091261 0.16445357
0.72234756 0.16445357
0.72234756 0.14943326
0.69378257 0.16445357
0.69378257 0.14943326
0.72234756 0.17947388
0.69378257 0.17947388
0.75091261 0.17947388
0.66521752 0.16445357
0.66521752 0.14943326
0.66521752 0.17947388
0.72234756 0.090425193
0.72234756 0.11992919
0.69378257 0.11992919
0.69378257 0.090425193
0.75091261 0.090425193
0.75091261 0.11992919
0.66521752 0.090425193
0.66521752 0.11992919
0.69378257 0.13468122
0.66521752 0.13468122
0.75091261 0.13468122
0.72234756 0.13468122
0.72234756 0.046898246
0.72234756 0.061407208
0.69378257 0.061407208
0.69378257 0.046898246
0.75091261 0.046898246
0.75091261 0.061407208
0.66521752 0.046898246
0.66521752 0.061407208
0.69378257 0.075916171
0.66521752 0.075916171
0.75091261 0.075916171
0.72234756 0.075916171
0.87262923 0.3962552
0.87262923 0.41102797
0.84220004 0.41102797
0.84220004 0.3962552
0.81177092 0.41102797
0.81177092 0.3962552
0.84220004 0.4258008
0.81177092 0.4258008
0.87262923 0.4258008
0.78134173 0.41102797
0.78134173 0.3962552
0.84220004 0.36487478
0.87262923 0.33349437
0.87262923 0.36487478
0.81177092 0.33349437
0.81177092 0.36487478
0.78134173 0.36487478
0.81177092 0.38056499
0.78134173 0.38056499
0.87262923 0.38056499
0.84220004 0.38056499
0.87262923 0.26982403
0.81177092 0.20951456
0.87262923 0.20951456
0.87262923 0.14943326
0.87262923 0.16445357
0.84220004 0.16445357
0.84220004 0.14943326
0.81177092 0.16445357
0.81177092 0.14943326
0.84220004 0.17947388
0.81177092 0.17947388
0.87262923 0.17947388
0.78134173 0.16445357
0.78134173 0.14943326
0.78134173 0.17947388
0.84220004 0.090425193
0.84220004 0.11992919
0.81177092 0.11992919
0.81177092 0.090425193
0.87262923 0.090425193
0.87262923 0.11992919
0.78134173 0.090425193
0.78134173 0.11992919
0.81177092 0.13468122
0.78134173 0.13468122
0.87262923 0.13468122
0.84220004 0.13468122
0.84220004 0.046898246
0.84220004 0.061407208
0.81177092 0.061407208
0.81177092 0.046898246
0.87262923 0.046898246
0.87262923 0.061407208
0.78134173 0.046898246
0.78134173 0.061407208
0.81177092 0.075916171
0.78134173 0.075916171
0.87262923 0.075916171
0.84220004 0.075916171
0.99853516 0.3962552
0.99853516 0.41102797
0.96705872 0.41102797
0.96705872 0.3962552
0.93558216 0.41102797
0.93558216 0.3962552
0.96705872 0.4258008
0.93558216 0.4258008
0.90410572 0.41102797
0.90410572 0.3962552
0.90410572 0.4258008
0.96705872 0.36487478
0.99853516 0.33349437
0.99853516 0.36487478
0.93558216 0.33349437
0.93558216 0.36487478
0.90410572 0.36487478
0.93558216 0.38056499
0.90410572 0.38056499
0.99853516 0.38056499
0.96705872 0.38056499
0.99853516 0.26982403
0.93558216 0.20951456
0.99853516 0.20951456
0.99853516 0.14943326
0.99853516 0.16445357
0.96705872 0.16445357
0.96705872 0.14943326
0.93558216 0.16445357
0.93558216 0.14943326
0.96705872 0.17947388
0.93558216 0.17947388
0.99853516 0.17947388
0.90410572 0.16445357
0.90410572 0.14943326
0.90410572 0.17947388
0.96705872 0.090425193
0.96705872 0.11992919
0.93558216 0.11992919
0.93558216 0.090425193
0.99853516 0.090425193
0.99853516 0.11992919
0.90410572 0.090425193
0.90410572 0.11992919
0.93558216 0.13468122
0.90410572 0.13468122
0.99853516 0.13468122
0.96705872 0.13468122
0.96705872 0.046898246
0.96705872 0.061407208
0.93558216 0.061407208
0.93558216 0.046898246
0.99853516 0.046898246
0.99853516 0.061407208
0.90410572 0.046898246
0.90410572 0.061407208
0.93558216 0.075916171
0.90410572 0.075916171
0.99853516 0.075916171
0.96705872 0.075916171
0.99853516 0.032389283
0.96705872 0.032389283
0.93558216 0.032389283
0.90410572 0.032389283
0.87262923 0.032389283
0.84220004 0.032389283
0.81177092 0.032389283
0.78134173 0.032389283
0.75091261 0.032389283
0.72234756 0.032389283
0.69378257 0.032389283
0.66521752 0.032389283
0.63665253 0.032389283
0.60352647 0.032389283
0.57040036 0.032389283
0.53727424 0.032389283
0.50414819 0.032389283
0.47450688 0.032389283
0.44486564 0.032389283
0.41522437 0.032389283
0.3855831 0.032389283
0.35426453 0.032389283
0.32294592 0.032389283
0.29162735 0.032389283
0.26030877 0.032389283
0.23073365 0.032389283
0.20115852 0.032389283
0.1715834 0.032389283
0.14200827 0.032389283
0.37098312 0.42527437
0.37089294 0.44032568
0.44486564 0.45534641
0.37073076 0.45534641
0.7698127 0.45534641
0.75091261 0.45534641
0.76965046 0.44032568
0.76956028 0.42527437
0.7974183 0.42527437
0.79730761 0.44032562
0.87262923 0.45534641
0.79719722 0.45534641
0.34334624 0.45534641
0.32294592 0.45534641
0.34323579 0.44032562
0.34312513 0.42527437
0.93558216 0.45534641
0.9813205 0.44032574
0.98150998 0.45534641
0.50414819 0.45534641
0.55474091 0.44032568
0.55491173 0.45534641
0.15763406 0.42527437
0.1575391 0.44032568
0.26030877 0.45534641
0.15736826 0.45534641
0.55464596 0.42527437
0.58759177 0.42527437
0.58748639 0.44032574
0.69378257 0.45534641
0.58729684 0.45534641
0.98121512 0.42527437
0.14200827 0.42527437
0.57111883 0.42527437
0.99853516 0.42527437
0.57999009 0.88826932
0.48027703 0.88880838
0.47049463 0.88826932
0.37182656 0.88880838
0.36099917 0.88826932
0.25912976 0.88880838
0.25150374 0.88826932
0.24172129 0.88880838
0.14200827 0.88826932
0.24172129 0.90085563
0.23099259 0.90085563
0.24172129 0.89483201
0.15177408 0.89483201
0.56916267 0.88880838
0.48027703 0.89483201
0.49086735 0.90085563
0.48027706 0.90085563
0.46286857 0.90085563
0.45209774 0.90085563
0.46286857 0.89483201
0.37182656 0.89483201
0.46286857 0.88880838
0.35123336 0.88880838
0.25912976 0.89483201
0.27003801 0.90085563
0.25912976 0.90085563
0.50187778 0.90085563
0.51318985 0.90085563
0.52466297 0.90085563
0.56916267 0.89483201
0.5361439 0.90085563
0.54747885 0.90085563
0.5585255 0.90085563
0.56916267 0.90085563
0.28141856 0.90085563
0.29314291 0.90085563
0.30505577 0.90085563
0.35123336 0.89483201
0.31698608 0.90085563
0.32876128 0.90085563
0.34022188 0.90085563
0.35123336 0.90085563
0.15177408 0.88880838
0.16250201 0.90085563
0.15177408 0.90085563
0.38274828 0.90085563
0.37182656 0.90085563
0.36152995 0.88880838
0.14200827 0.88880838
0.57999009 0.88880838
0.17365967 0.90085563
0.18512346 0.90085563
0.19674675 0.90085563
0.20837018 0.90085563
0.21983434 0.90085563
0.39409804 0.90085563
0.40574399 0.90085563
0.41753113 0.90085563
0.42929289 0.90085563
0.44086474 0.90085563
0.10252773 0.97726531
0.099767543 0.97726531
0.10236797 0.9886248
0.10228079 1
0.099767543 0.98863266
0.099767543 1
0.1117941 0.97726531
0.10902356 0.97726531
0.10918385 0.98862478
0.10927133 1
0.1117941 0.98863266
0.1117941 1
0.039378777 0.81218787
0.03868458 0.81218787
0.03868458 0.82317859
0.039378777 0.82317859
0.039378777 0.80119714
0.03868458 0.80119714
0.04007297 0.81218787
0.04007297 0.82317859
0.04007297 0.80119714
0.038083032 0.79020642
0.037990667 0.81219612
0.038104184 0.83416931
0.040627956 0.81106295
0.040741246 0.79020642
0.040767163 0.83416931
0.029332027 0.81218787
0.028718615 0.81218787
0.028718615 0.82317859
0.029332027 0.82317859
0.029332027 0.80119714
0.028718615 0.80119714
0.029945439 0.81218787
0.029945439 0.82317859
0.029945439 0.80119714
0.030558851 0.81106295
0.030471766 0.79020642
0.030451884 0.83416931
0.028129563 0.79020642
0.028235741 0.81220025
0.028105201 0.83416931
