Material
Diffuse
0.938685715198517 0.723055124282837 0.381326019763947 1
Specular
1 0.938685715198517 0.82278573513031 1 25
Positions 458
0.120755625 0.969981801666667 -0.126737820833333
0.0853822083333333 0.884583135 -0.126737820833333
0.0459767083333329 0.923988635 -0.1625472375
0.0650279583333333 0.969981801666667 -0.1625472375
-1.64583333335244E-05 0.849209968333333 -0.126737820833333
-1.64583333335244E-05 0.904937551666667 -0.1625472375
-1.64583333335244E-05 0.969981801666667 -0.175082154166666
-1.64583333335244E-05 0.969981801666667 -0.175082154166666
0.121221291666666 0.848744135 -0.0352263208333332
0.113751208333333 0.856214218333333 -0.0689614874999999
0.160875041666666 0.969981801666667 -0.0689614874999999
0.175009458333333 0.969981801666667 -5.64041666665238E-05
0.123745708333333 0.846219885 -5.64041666665238E-05
0.0669629583333329 0.808279051666667 -5.64041666665238E-05
0.0655969583333333 0.81157726 -0.0352263208333332
0.0615540416666667 0.821337301666667 -0.0689614874999999
-1.64583333335244E-05 0.809090151666667 -0.0689614874999999
0.126665208333333 0.969981801666667 0.1207155125
0.0895608749999997 0.880404385 0.1207155125
0.114881875 0.855083385 0.0649878791666668
0.162474375 0.969981801666667 0.0649878791666668
0.0621662916666668 0.819859801666667 0.0649878791666668
0.0657530416666665 0.811200635 0.0330641791666667
0.121509291666666 0.848455885 0.0330641791666667
-1.64583333335244E-05 0.969981801666667 0.174969495833334
0.0487067916666666 0.921258468333333 0.160835245833334
0.0688887083333336 0.969981801666667 0.160835245833334
-1.64583333335244E-05 0.969981801666667 0.174969495833334
-1.64583333335244E-05 0.901076551666667 0.160835245833334
-1.64583333335244E-05 0.843300301666667 0.1207155125
-1.64583333335244E-05 1.090753635 -0.126737820833333
0.0853822083333333 1.055380385 -0.126737820833333
0.0459767083333329 1.01597505166667 -0.1625472375
-1.64583333335244E-05 1.03502605166667 -0.1625472375
-1.64583333335244E-05 0.969981801666667 -0.175082154166666
-1.64583333335244E-05 0.969981801666667 -0.175082154166666
-1.64583333335244E-05 1.145007635 -5.64041666665238E-05
0.123745708333333 1.09374371833333 -5.64041666665238E-05
0.113751208333333 1.08374930166667 -0.0689614874999999
-1.64583333335244E-05 1.130873385 -0.0689614874999999
-1.64583333335244E-05 1.09666321833333 0.1207155125
0.0895608749999997 1.059559135 0.1207155125
0.114881875 1.08488021833333 0.0649878791666668
-1.64583333335244E-05 1.13247271833333 0.0649878791666668
-1.64583333335244E-05 0.969981801666667 0.174969495833334
0.0487067916666666 1.01870505166667 0.160835245833334
-1.64583333335244E-05 1.03888696833333 0.160835245833334
-1.64583333335244E-05 0.969981801666667 0.174969495833334
-0.120788208333333 0.969981801666667 -0.126737820833333
-0.0854151249999999 1.055380385 -0.126737820833333
-0.0460096250000004 1.01597505166667 -0.1625472375
-0.0650605416666665 0.969981801666667 -0.1625472375
-1.64583333335244E-05 0.969981801666667 -0.175082154166666
-1.64583333335244E-05 0.969981801666667 -0.175082154166666
-0.175042208333333 0.969981801666667 -5.64041666665238E-05
-0.123778458333334 1.09374371833333 -5.64041666665238E-05
-0.113783958333333 1.08374930166667 -0.0689614874999999
-0.160907958333333 0.969981801666667 -0.0689614874999999
-0.126697958333334 0.969981801666667 0.1207155125
-0.0895937916666667 1.059559135 0.1207155125
-0.114914791666667 1.08488021833333 0.0649878791666668
-0.162507291666667 0.969981801666667 0.0649878791666668
-1.64583333335244E-05 0.969981801666667 0.174969495833334
-0.0487397083333332 1.01870505166667 0.160835245833334
-0.0689216250000002 0.969981801666667 0.160835245833334
-1.64583333335244E-05 0.969981801666667 0.174969495833334
-1.64583333335244E-05 0.849209968333333 -0.126737820833333
-0.0854151249999999 0.884583135 -0.126737820833333
-0.0460096250000004 0.923988635 -0.1625472375
-1.64583333335244E-05 0.904937551666667 -0.1625472375
-1.64583333335244E-05 0.969981801666667 -0.175082154166666
-1.64583333335244E-05 0.969981801666667 -0.175082154166666
-0.0669958750000004 0.808279051666667 -5.64041666665238E-05
-0.123778458333334 0.846219885 -5.64041666665238E-05
-0.121254041666667 0.848744135 -0.0352263208333332
-0.065629541666667 0.81157726 -0.0352263208333332
-0.113783958333333 0.856214218333333 -0.0689614874999999
-0.0615869583333333 0.821337301666667 -0.0689614874999999
-1.64583333335244E-05 0.809090151666667 -0.0689614874999999
-0.062198875 0.819859801666667 0.0649878791666668
-1.64583333335244E-05 0.807490918333333 0.0649878791666668
-1.64583333335244E-05 0.843300301666667 0.1207155125
-0.0895937916666667 0.880404385 0.1207155125
-0.114914791666667 0.855083385 0.0649878791666668
-0.121542208333334 0.848455885 0.0330641791666667
-0.0657856250000002 0.811200635 0.0330641791666667
-1.64583333335244E-05 0.969981801666667 0.174969495833334
-0.0487397083333332 0.921258468333333 0.160835245833334
-1.64583333335244E-05 0.901076551666667 0.160835245833334
-1.64583333335244E-05 0.969981801666667 0.174969495833334
-1.64583333335244E-05 0.799472743333333 -0.0395621541666665
-0.0153960416666665 0.799472743333333 -0.0364575708333332
-0.0279537083333334 0.799472743333333 -0.0279906541666665
-0.0364191250000001 0.799472743333333 -0.0154319874999999
-0.0395223749999998 0.799472743333333 -5.19874999997949E-05
-0.0364169583333336 0.799472826666667 0.0153249291666667
-0.0279505416666668 0.799472826666667 0.0278808458333335
-0.0153937916666669 0.799472743333333 0.0363456791666669
-1.64583333335244E-05 0.799472743333333 0.0394495125000002
-1.64583333335244E-05 0.799472743333333 0.0394495125000002
0.0153606249999996 0.799472743333333 0.0363459291666668
-1.64583333335244E-05 0.807490918333333 0.0649878791666668
0.0279169583333334 0.799472826666667 0.0278817625000001
0.0363833749999998 0.799472826666667 0.0153265958333335
0.0394895416666663 0.799472743333333 -4.96541666665795E-05
0.0363868749999998 0.799472743333333 -0.0154303208333332
0.0279217916666665 0.799472743333333 -0.0279897374999999
0.0153637916666667 0.799472743333333 -0.0364572374999999
-1.64583333335244E-05 0.799472743333333 -0.0395621541666665
0.0474101249999999 0.799472743333333 -5.64041666665238E-05
0.0244452916666669 0.799472743333333 -0.0406873208333332
0.0363868749999998 0.799472743333333 -0.0154303208333332
-0.0222084583333335 0.799472743333333 -0.0419701541666665
-1.64583333335244E-05 0.799472743333333 -0.0395621541666665
-0.0474376249999997 0.799472743333333 -0.000745820833333188
-0.0364191250000001 0.799472743333333 -0.0154319874999999
-0.0234177083333336 0.799472743333333 0.0411945958333335
-0.0364169583333336 0.799472826666667 0.0153249291666667
0.0238521250000003 0.799472743333333 0.0409259291666667
-1.64583333335244E-05 0.799472743333333 0.0394495125000002
0.0363833749999998 0.799472826666667 0.0153265958333335
-0.0153937916666669 0.799472743333333 0.0363456791666669
-0.0279505416666668 0.799472826666667 0.0278808458333335
-0.0395223749999998 0.799472743333333 -5.19874999997949E-05
-0.0279537083333334 0.799472743333333 -0.0279906541666665
-0.0153960416666665 0.799472743333333 -0.0364575708333332
0.0153637916666667 0.799472743333333 -0.0364572374999999
0.0279217916666665 0.799472743333333 -0.0279897374999999
0.0394895416666663 0.799472743333333 -4.96541666665795E-05
0.0279169583333334 0.799472826666667 0.0278817625000001
0.0153606249999996 0.799472743333333 0.0363459291666668
0.311642375 4.16333634234434E-17 -5.64041666667459E-05
0.301099208333333 2.42861286636753E-17 0.0803216875
0.156834708333333 -1.73472347597681E-17 0.269255770833333
0.270182708333333 6.93889390390723E-18 0.155261495833333
0.220985208333333 -6.93889390390723E-18 0.219692604166667
0.0820717083333333 -2.42861286636753E-17 0.300597604166667
0.0017548749999996 -2.77555756156289E-17 0.3115974875
-0.078681875 -2.42861286636753E-17 0.3015112625
-0.301770125 2.42861286636753E-17 0.0778918874999999
-0.153795958333333 -1.90819582357449E-17 0.271021304166667
-0.219940458333333 -6.93889390390723E-18 0.220770895833333
-0.270461458333334 6.93889390390723E-18 0.154833054166667
-0.311642375 4.33680868994202E-17 -0.00458673750000005
-0.0709853750000002 1.09287578986539E-16 -0.303527404166667
-0.299376708333333 6.07153216591882E-17 -0.0867435708333334
-0.145850875 1.02348685082632E-16 -0.2754897375
-0.265844625 7.80625564189563E-17 -0.1627419875
-0.213428125 9.19403442267708E-17 -0.227183404166667
0.00854979166666636 1.11022302462516E-16 -0.3115974875
0.223367791666667 9.0205620750794E-17 -0.2173827375
0.0875209583333332 1.07552855510562E-16 -0.299169070833333
0.160732958333333 1.00613961606655E-16 -0.2670599875
0.271304541666667 7.63278329429795E-17 -0.153406154166667
0.301389458333333 5.89805981832114E-17 -0.0793394875000001
-0.0716596249999997 0.709178785 -0.135367070833333
-0.0856341250000003 0.729359643333333 -0.161760154166667
0.00501262499999999 0.729359643333333 -0.182958570833333
0.0041917916666665 0.709178785 -0.153105570833333
0.0943575416666667 0.729359643333333 -0.156811070833333
0.0789541250000001 0.709178785 -0.131225820833333
0.00430845833333349 0.762863893333333 -0.1573447375
0.0811412083333329 0.762863893333333 -0.1348589875
-0.0736442083333335 0.762863893333333 -0.1391149875
0.159272875 0.729359643333333 -0.0900862375
0.133274125 0.709178785 -0.0753917374999999
0.182954875 0.729359643333333 -5.64041666666348E-05
0.153090541666667 0.709178785 -5.64041666666348E-05
0.136965791666666 0.762863893333333 -0.0774783208333332
0.157331541666666 0.762863893333333 -5.64041666665238E-05
-0.0478057083333336 0.52042426 -0.0903147375
-0.0478705416666667 0.614528835 -0.0904371541666666
0.00279437500000013 0.614528835 -0.1022854875
0.00279054166666626 0.52042426 -0.102147070833333
0.0527318750000001 0.614528835 -0.0876709875
0.0526603749999999 0.52042426 -0.0875523208333333
0.00298854166666684 0.679958518333333 -0.109348070833333
0.0563758750000001 0.679958518333333 -0.0937239041666666
-0.0511766250000001 0.679958518333333 -0.0966811541666667
0.0890150416666664 0.614528835 -0.0503765708333334
0.0888942916666666 0.52042426 -0.0503084041666666
0.102251458333333 0.614528835 -5.64041666666348E-05
0.102112875 0.52042426 -5.64041666666348E-05
0.0951656249999999 0.679958518333333 -0.0538529875
0.109316625 0.679958518333333 -5.64041666666348E-05
0.0637172916666664 0.69973526 -0.1059177375
0.107556708333334 0.69973526 -0.0608564041666666
0.123549875 0.69973526 -5.64041666666348E-05
-0.0578367916666669 0.69973526 -0.109259904166667
0.00337987499999981 0.69973526 -0.123575904166667
-0.0731689583333335 0.327278635 -0.138217820833333
-0.0666067916666671 0.34709181 -0.125823820833333
0.00389487499999985 0.34709181 -0.1423112375
0.00428045833333313 0.327278635 -0.1563299875
0.0733843749999998 0.34709181 -0.121974654166667
0.0806176249999999 0.327278635 -0.1339892375
0.00340020833333332 0.388026251666667 -0.124316654166667
0.0640993749999996 0.388026251666667 -0.106552570833333
-0.0581836250000003 0.388026251666667 -0.109914820833333
0.123873458333333 0.34709181 -0.0700784041666667
0.136082125 0.327278635 -0.0769789041666666
0.142292125 0.34709181 -5.64041666666348E-05
0.156316208333333 0.327278635 -5.64041666666348E-05
0.108201708333334 0.388026251666667 -0.0612209874999999
0.124290875 0.388026251666667 -5.64041666666348E-05
0.0565624583333331 0.447624701666667 -0.0940338208333333
0.0954807083333331 0.447624701666667 -0.0540309874999999
0.109678375 0.447624701666667 -5.64041666666348E-05
-0.0513457083333333 0.447624701666667 -0.0970008208333333
0.00299870833333316 0.447624701666667 -0.109709654166667
-0.141768208333334 0.177793443333333 -0.267778820833333
-0.118274958333334 0.228314435 -0.2234077375
0.00692979166666685 0.228314435 -0.252687820833334
0.00830979166666657 0.177793443333333 -0.3028757375
0.130336541666666 0.228314435 -0.216571904166667
0.156232624999999 0.177793443333333 -0.259585070833333
0.00542612499999962 0.293507076666667 -0.1979984875
0.102117958333333 0.293507076666667 -0.1697009875
-0.0926744583333337 0.293507076666667 -0.175056904166667
0.220000375 0.228314435 -0.124409070833333
0.263708791666667 0.177793443333333 -0.149113070833333
0.252710458333334 0.228314435 -5.64041666667459E-05
0.302917541666667 0.177793443333333 -5.64041666667459E-05
0.172371291666667 0.293507076666667 -0.0974894041666666
0.198000625 0.293507076666667 -5.64041666666348E-05
0.0905982083333337 0.322426693333333 -0.150566404166667
0.152927458333333 0.322426693333333 -0.0864997375
0.175665958333333 0.322426693333333 -5.64041666666348E-05
-0.0822234583333334 0.322426693333333 -0.155318320833333
0.00481229166666663 0.322426693333333 -0.1756722375
-0.0683272083333333 0.0561694275000001 -0.292160904166667
-0.0625320416666666 0.0746488266666668 -0.2673794875
0.00752937499999984 0.0746488266666668 -0.274488320833333
0.00822870833333322 0.0561694275000001 -0.299928820833333
-0.140388708333334 0.0561694275000001 -0.2651734875
-0.128479875 0.0746488266666668 -0.2426814875
0.0842425416666663 0.0561694275000001 -0.2879659875
0.0770941249999999 0.0746488266666668 -0.263540320833333
0.141585125 0.0746488266666668 -0.235255904166667
0.154712125 0.0561694275000001 -0.257059404166667
0.137639458333333 0.0936532683333334 -0.2287019875
0.0073192083333331 0.0936532683333334 -0.2668412375
-0.124900291666667 0.0936532683333334 -0.2359207375
0.215000875 0.0561694275000001 -0.209242904166667
0.196759291666667 0.0746488266666668 -0.1914959875
0.238986125 0.0746488266666667 -0.135139904166667
0.261142458333333 0.0561694275000001 -0.1476624875
0.290100208333333 0.0561694275 -0.0763699875000001
0.265487458333333 0.0746488266666667 -0.0698957375000001
0.274519375 0.0746488266666667 -5.64041666667459E-05
0.299969458333333 0.0561694275 -5.64041666667459E-05
0.266869291666667 0.0936532683333334 -5.64041666667459E-05
0.232326625 0.0936532683333334 -0.131375820833333
0.153219958333334 0.131524268333333 -0.254580904166667
0.258623875 0.131524268333333 -0.1462389875
0.297076291666666 0.131524268333333 -5.64041666667459E-05
-0.139034958333333 0.131524268333333 -0.262616654166667
0.00814920833333321 0.131524268333333 -0.297036820833333
-0.0755630416666664 0.709178785 0.133114554166667
-0.0902987083333335 0.729359643333333 0.1590902625
-0.158791625 0.729359643333333 0.0908774291666666
-0.132876625 0.709178785 0.0760353958333334
-0.182968375 0.729359643333333 -0.00271607083333325
-0.153107208333334 0.709178785 -0.00228198749999997
-0.136556541666667 0.762863893333333 0.0781429375000001
-0.157347625 0.762863893333333 -0.00234357083333314
-0.077655375 0.762863893333333 0.136803129166667
-0.156081125 0.729359643333333 -0.0955672375
-0.130608458333334 0.709178785 -0.0799780708333333
-0.134225625 0.762863893333333 -0.0821918208333331
-0.0504092083333334 0.52042426 0.0887746625000001
-0.0504776250000001 0.614528835 0.0888951375
-0.0887602916666665 0.614528835 0.0507690958333333
-0.088640125 0.52042426 0.0507002625
-0.102273375 0.614528835 -0.00154298750000004
-0.102134958333334 0.52042426 -0.00154090416666663
-0.0948911250000002 0.679958518333333 0.0542804291666666
-0.109337875 0.679958518333333 -0.00164565416666673
-0.053963875 0.679958518333333 0.0950403791666666
-0.087245208333333 0.614528835 -0.0534400708333334
-0.087127291666667 0.52042426 -0.0533678208333334
-0.0932714583333336 0.679958518333333 -0.0571281541666666
-0.123569541666667 0.69973526 -0.00185257083333334
-0.105411791666667 0.69973526 -0.0645578208333333
-0.0609867916666667 0.69973526 0.1074202625
-0.107242208333334 0.69973526 0.0613540625000001
-0.0771543750000001 0.327278635 0.1359201875
-0.0702348749999997 0.34709181 0.1237222125
-0.123506125 0.34709181 0.0706687541666666
-0.135675708333333 0.327278635 0.0776384458333333
-0.142310041666667 0.34709181 -0.00212498750000001
-0.156332541666667 0.327278635 -0.00232890416666665
-0.107885291666667 0.388026251666667 0.0617223375
-0.124310541666667 0.388026251666667 -0.00186332083333329
-0.0613523750000002 0.388026251666667 0.1080647875
-0.121398041666667 0.34709181 -0.0743413208333332
-0.133359708333333 0.327278635 -0.0816619041666666
-0.106043708333333 0.388026251666667 -0.0649445708333334
-0.109699625 0.447624701666667 -0.00165090416666658
-0.0935802083333335 0.447624701666667 -0.0573169875
-0.0541422083333334 0.447624701666667 0.0953550125
-0.0952050416666665 0.447624701666667 0.0544601791666667
-0.149490875 0.177793443333333 0.263432320833333
-0.124717625 0.228314435 0.2197629375
-0.219322791666667 0.228314435 0.125544845833333
-0.262890291666667 0.177793443333333 0.150496854166667
-0.252716625 0.228314435 -0.00373007083333343
-0.302918208333334 0.177793443333333 -0.0044599875000001
-0.171847625 0.293507076666667 0.0983548708333333
-0.198012458333333 0.293507076666667 -0.0029348208333333
-0.0977224583333332 0.293507076666667 0.1721767375
-0.215578791666667 0.228314435 -0.131979654166667
-0.258402625 0.177793443333333 -0.158187570833333
-0.168914125 0.293507076666667 -0.103421070833333
-0.175680125 0.322426693333333 -0.00261015416666666
-0.149863958333333 0.322426693333333 -0.0917623208333332
-0.0867019583333333 0.322426693333333 0.152750229166667
-0.152466375 0.322426693333333 0.0872548958333335
-0.211703208333334 0.0561694275 0.2124999125
-0.193744291666667 0.0746488266666667 0.194467129166667
-0.238247458333333 0.0746488266666667 0.136383429166667
-0.260332041666667 0.0561694275 0.149031695833333
-0.148036208333334 0.0561694275 0.260868170833333
-0.135478541666667 0.0746488266666667 0.238731920833333
-0.290468125 0.0561694275 0.0749723708333332
-0.265826791666667 0.0746488266666667 0.0686070708333332
-0.274523041666667 0.0746488266666667 -0.00404707083333344
-0.299970541666667 0.0561694275 -0.00441707083333343
-0.266873958333333 0.0936532683333334 -0.00393590416666678
-0.231609125 0.0936532683333333 0.132581529166667
-0.131703958333333 0.0936532683333333 0.232078095833333
-0.288164208333333 0.0561694275000001 -0.0834966541666667
-0.263718541666667 0.0746488266666667 -0.0764178208333335
-0.234180541666667 0.0746488266666668 -0.1433637375
-0.255888041666667 0.0561694275000001 -0.1566487375
-0.205434875 0.0561694275000001 -0.218676404166667
-0.188007625 0.0746488266666668 -0.2001292375
-0.227655458333333 0.0936532683333334 -0.139370570833333
-0.297077708333334 0.131524268333333 -0.00437498749999998
-0.253420458333333 0.131524268333333 -0.1551384875
-0.146608791666667 0.131524268333333 0.258351820833333
-0.257821625 0.131524268333333 0.147593870833333
0.153090541666667 0.709178785 -5.64041666666348E-05
0.182954875 0.729359643333333 -5.64041666666348E-05
0.158614541666667 0.729359643333333 0.0911289625
0.132722958333333 0.709178785 0.0762458458333334
0.0920690416666665 0.729359643333333 0.158053695833333
0.0770388749999995 0.709178785 0.132247270833333
0.136399625 0.762863893333333 0.0783592625000001
0.0791731250000001 0.762863893333333 0.1359118375
0.157331541666666 0.762863893333333 -5.64041666665238E-05
0.00102337499999994 0.729359643333333 0.1829120875
0.000853958333333349 0.709178785 0.153048254166667
0.000877791666666461 0.762863893333333 0.157288929166667
0.102112875 0.52042426 -5.64041666666348E-05
0.102251458333333 0.614528835 -5.64041666666348E-05
0.0886469583333334 0.614528835 0.0509096791666668
0.0885267916666663 0.52042426 0.0508406791666667
0.0514527083333336 0.614528835 0.0883157791666667
0.0513831250000001 0.52042426 0.0881960958333333
0.094772125 0.679958518333333 0.0544306791666667
0.0550082916666663 0.679958518333333 0.0944210458333333
0.109316625 0.679958518333333 -5.64041666666348E-05
0.000564958333333365 0.614528835 0.1022097875
0.000564041666666792 0.52042426 0.102071345833333
0.000605041666666306 0.679958518333333 0.109274920833333
0.0621717083333335 0.69973526 0.1067202625
0.000685791666666713 0.69973526 0.123507870833333
0.123549875 0.69973526 -5.64041666666348E-05
0.107112041666666 0.69973526 0.0615238958333333
0.156316208333333 0.327278635 -5.64041666666348E-05
0.142292125 0.34709181 -5.64041666666348E-05
0.123361041666667 0.34709181 0.0708643375
0.135519458333333 0.327278635 0.0778533375000001
0.0716044583333328 0.34709181 0.122916120833333
0.0786622916666668 0.327278635 0.135034620833333
0.107754458333333 0.388026251666667 0.0618932041666667
0.062544541666667 0.388026251666667 0.107360579166667
0.124290875 0.388026251666667 -5.64041666666348E-05
0.0007922916666665 0.34709181 0.1422500375
0.000872041666666767 0.327278635 0.156273820833333
0.000690208333333331 0.388026251666667 0.124248879166667
0.0551904583333331 0.447624701666667 0.0947336125
0.000606958333333463 0.447624701666667 0.109636679166667
0.109678375 0.447624701666667 -5.64041666666348E-05
0.0950858750000001 0.447624701666667 0.0546109291666667
0.302917541666667 0.177793443333333 -5.64041666667459E-05
0.252710458333334 0.228314435 -5.64041666667459E-05
0.219090541666667 0.228314435 0.125892220833333
0.262618458333333 0.177793443333333 0.150913295833333
0.127175375 0.228314435 0.2183312375
0.152443291666667 0.177793443333333 0.2617162625
0.171658625 0.293507076666667 0.0986270708333334
0.0996412083333329 0.293507076666667 0.171054979166667
0.198000625 0.293507076666667 -5.64041666666348E-05
0.00142012500000011 0.228314435 0.252666529166667
0.0017052083333331 0.177793443333333 0.302872595833333
0.0011088749999999 0.293507076666667 0.1979574125
0.0884006249999998 0.322426693333333 0.151755070833333
0.0009820416666666 0.322426693333333 0.175623079166667
0.175665958333333 0.322426693333333 -5.64041666666348E-05
0.152295208333333 0.322426693333333 0.0874964208333334
0.289821041666666 0.0561694275 0.0773111791666666
0.265231875 0.0746488266666667 0.0707475125
0.237998125 0.0746488266666667 0.136760845833333
0.260062625 0.0561694275 0.149444079166667
0.299969458333333 0.0561694275 -5.64041666667459E-05
0.274519375 0.0746488266666667 -5.64041666667459E-05
0.212707625 0.0561694275 0.211461995833333
0.194660541666667 0.0746488266666667 0.1935172625
0.138151208333333 0.0746488266666667 0.2371767125
0.150959708333333 0.0561694275 0.259168804166667
0.134301291666667 0.0936532683333333 0.2305662375
0.231365875 0.0936532683333333 0.132948454166667
0.266869291666667 0.0936532683333334 -5.64041666667459E-05
0.0789970416666668 0.0561694275 0.289336695833333
0.072293708333333 0.0746488266666667 0.264785270833333
0.00154404166666655 0.0746488266666667 0.2744749125
0.00168870833333301 0.0561694275 0.299924629166667
-0.0757353749999998 0.0561694275 0.290216145833333
-0.0693117083333332 0.0746488266666667 0.2655900875
0.00150054166666669 0.0936532683333333 0.266825095833333
0.149503791666667 0.131524268333333 0.256668820833333
0.00167220833333337 0.131524268333333 0.297031620833333
0.297076291666666 0.131524268333333 -5.64041666667459E-05
0.257554458333333 0.131524268333333 0.1480022875
0.0474101249999999 0.799472743333333 -5.64041666665238E-05
0.0244452916666669 0.799472743333333 -0.0406873208333332
-0.0222084583333335 0.799472743333333 -0.0419701541666665
-0.0474376249999997 0.799472743333333 -0.000745820833333188
-0.0234177083333336 0.799472743333333 0.0411945958333335
0.0238521250000003 0.799472743333333 0.0409259291666667
0.0474101249999999 0.799472743333333 -5.64041666665238E-05
0.311642375 4.16333634234434E-17 -5.64041666667459E-05
0.301099208333333 2.42861286636753E-17 0.0803216875
0.270182708333333 6.93889390390723E-18 0.155261495833333
0.220985208333333 -6.93889390390723E-18 0.219692604166667
0.156834708333333 -1.73472347597681E-17 0.269255770833333
0.0820717083333333 -2.42861286636753E-17 0.300597604166667
0.0017548749999996 -2.77555756156289E-17 0.3115974875
-0.078681875 -2.42861286636753E-17 0.3015112625
-0.153795958333333 -1.90819582357449E-17 0.271021304166667
-0.219940458333333 -6.93889390390723E-18 0.220770895833333
-0.270461458333334 6.93889390390723E-18 0.154833054166667
-0.301770125 2.42861286636753E-17 0.0778918874999999
-0.311642375 4.33680868994202E-17 -0.00458673750000005
-0.299376708333333 6.07153216591882E-17 -0.0867435708333334
-0.265844625 7.80625564189563E-17 -0.1627419875
-0.213428125 9.19403442267708E-17 -0.227183404166667
-0.145850875 1.02348685082632E-16 -0.2754897375
-0.0709853750000002 1.09287578986539E-16 -0.303527404166667
0.00854979166666636 1.11022302462516E-16 -0.3115974875
0.0875209583333332 1.07552855510562E-16 -0.299169070833333
0.160732958333333 1.00613961606655E-16 -0.2670599875
0.223367791666667 9.0205620750794E-17 -0.2173827375
0.271304541666667 7.63278329429795E-17 -0.153406154166667
0.301389458333333 5.89805981832114E-17 -0.0793394875000001
0.311642375 4.16333634234434E-17 -5.64041666667459E-05
Indexes 2202
0 2 1 0 3 2 1 5 4 1 2 5 2 6 5 3 7 2 8 10 9 11 8 12 10 8 11 12 14 13 12 8 14 8 15 14 8 9 15 15 4 16 1 15 9 4 15 1 10 1 9 10 0 1 17 19 18 17 20 19 19 22 21 19 23 22 23 13 22 23 12 13 23 11 12 20 23 19 11 23 20 24 26 25 27 25 28 25 29 28 25 18 29 26 18 25 26 17 18 30 32 31 30 33 32 31 3 0 31 32 3 32 34 3 33 35 32 36 38 37 36 39 38 37 10 11 37 38 10 38 0 10 38 31 0 39 31 38 39 30 31 40 42 41 40 43 42 41 20 17 41 42 20 42 11 20 42 37 11 43 37 42 43 36 37 44 46 45 47 45 26 45 17 26 45 41 17 46 41 45 46 40 41 48 50 49 48 51 50 49 33 30 49 50 33 50 52 33 51 53 50 54 56 55 54 57 56 55 39 36 55 56 39 56 30 39 56 49 30 57 49 56 57 48 49 58 60 59 58 61 60 59 43 40 59 60 43 60 36 43 60 55 36 61 55 60 61 54 55 62 64 63 65 63 46 63 40 46 63 59 40 64 59 63 64 58 59 66 68 67 66 69 68 67 51 48 67 68 51 68 70 51 69 71 68 72 74 73 72 75 74 75 76 74 75 77 76 74 54 73 57 74 76 54 74 57 76 48 57 76 67 48 77 67 76 66 77 78 67 77 66 79 81 80 82 79 83 81 79 82 82 61 58 82 83 61 84 61 83 54 84 73 61 84 54 79 84 83 79 85 84 85 73 84 85 72 73 86 88 87 89 87 64 87 58 64 87 82 58 88 82 87 88 81 82 90 78 91 91 77 92 92 75 93 93 72 94 94 72 95 95 85 96 96 79 97 97 80 98 99 101 100 100 21 102 102 22 103 103 13 104 104 13 105 105 14 106 106 15 107 107 16 108 29 21 101 14 105 13 15 106 14 16 107 15 19 21 18 22 102 21 13 103 22 18 21 29 72 93 75 75 92 77 77 91 78 80 97 79 79 96 85 85 95 72 101 21 100 109 111 110 110 113 112 112 115 114 114 117 116 116 119 118 118 120 109 119 116 121 121 116 122 122 116 117 117 114 123 123 114 115 115 112 124 124 112 125 125 112 113 113 110 126 126 110 127 127 110 111 111 109 128 128 109 120 120 118 129 129 118 130 130 118 119 131 133 132 132 133 134 134 133 135 133 137 136 137 139 138 138 141 140 141 139 142 139 144 143 143 146 145 145 146 147 147 146 148 146 143 144 144 150 149 149 150 151 151 150 152 150 154 153 154 150 131 131 137 133 137 131 139 139 141 138 139 150 144 150 139 131 155 157 156 155 158 157 158 159 157 158 160 159 157 162 161 157 159 162 156 161 163 156 157 161 160 164 159 160 165 164 165 166 164 165 167 166 164 169 168 164 166 169 159 168 162 159 164 168 170 172 171 170 173 172 173 174 172 173 175 174 172 177 176 172 174 177 171 176 178 171 172 176 175 179 174 175 180 179 180 181 179 180 182 181 179 184 183 179 181 184 174 183 177 174 179 183 177 186 185 177 183 186 183 187 186 183 184 187 186 167 165 186 187 167 185 165 160 185 186 165 178 189 188 178 176 189 176 185 189 176 177 185 189 160 158 189 185 160 188 158 155 188 189 158 190 192 191 190 193 192 193 194 192 193 195 194 192 197 196 192 194 197 191 196 198 191 192 196 195 199 194 195 200 199 200 201 199 200 202 201 199 204 203 199 201 204 194 203 197 194 199 203 197 206 205 197 203 206 203 207 206 203 204 207 206 182 180 206 207 182 205 180 175 205 206 180 198 209 208 198 196 209 196 205 209 196 197 205 209 175 173 209 205 175 208 173 170 208 209 173 210 212 211 210 213 212 213 214 212 213 215 214 212 217 216 212 214 217 211 216 218 211 212 216 215 219 214 215 220 219 220 221 219 220 222 221 219 224 223 219 221 224 214 223 217 214 219 223 217 226 225 217 223 226 223 227 226 223 224 227 226 202 200 226 227 202 225 200 195 225 226 200 218 229 228 218 216 229 216 225 229 216 217 225 229 195 193 229 225 195 228 193 190 228 229 193 230 232 231 230 233 232 234 231 235 234 230 231 236 238 237 236 239 238 233 237 232 233 236 237 237 238 240 241 232 237 240 241 237 231 232 241 242 235 231 241 242 231 243 245 244 243 246 245 239 244 238 239 243 244 247 249 248 247 250 249 246 248 245 246 247 248 248 249 251 252 245 248 251 252 248 244 245 252 240 238 244 252 240 244 240 254 253 240 252 254 252 255 254 252 251 255 254 222 220 254 255 222 253 220 215 253 254 220 242 257 256 242 241 257 241 253 257 241 240 253 257 215 213 257 253 215 256 213 210 256 257 213 258 260 259 258 261 260 261 262 260 261 263 262 260 265 264 260 262 265 259 264 266 259 260 264 263 267 262 263 268 267 268 156 267 268 155 156 267 163 269 267 156 163 262 269 265 262 267 269 270 272 271 270 273 272 273 274 272 273 275 274 272 277 276 272 274 277 271 276 278 271 272 276 275 279 274 275 280 279 280 171 279 280 170 171 279 178 281 279 171 178 274 281 277 274 279 281 277 283 282 277 281 283 281 188 283 281 178 188 283 155 268 283 188 155 282 268 263 282 283 268 278 285 284 278 276 285 276 282 285 276 277 282 285 263 261 285 282 263 284 261 258 284 285 261 286 288 287 286 289 288 289 290 288 289 291 290 288 293 292 288 290 293 287 292 294 287 288 292 291 295 290 291 296 295 296 191 295 296 190 191 295 198 297 295 191 198 290 297 293 290 295 297 293 299 298 293 297 299 297 208 299 297 198 208 299 170 280 299 208 170 298 280 275 298 299 280 294 301 300 294 292 301 292 298 301 292 293 298 301 275 273 301 298 275 300 273 270 300 301 273 302 304 303 302 305 304 305 306 304 305 307 306 304 309 308 304 306 309 303 308 310 303 304 308 307 311 306 307 312 311 312 211 311 312 210 211 311 218 313 311 211 218 306 313 309 306 311 313 309 315 314 309 313 315 313 228 315 313 218 228 315 190 296 315 228 190 314 296 291 314 315 296 310 317 316 310 308 317 308 314 317 308 309 314 317 291 289 317 314 291 316 289 286 316 317 289 318 320 319 318 321 320 322 319 323 322 318 319 324 326 325 324 327 326 321 325 320 321 324 325 325 326 328 329 320 325 328 329 325 319 320 329 330 323 319 329 330 319 331 333 332 331 334 333 327 332 326 327 331 332 335 235 336 335 234 235 334 336 333 334 335 336 336 235 242 337 333 336 242 337 336 332 333 337 328 326 332 337 328 332 328 339 338 328 337 339 337 256 339 337 242 256 339 210 312 339 256 210 338 312 307 338 339 312 330 341 340 330 329 341 329 338 341 329 328 338 341 307 305 341 338 307 340 305 302 340 341 305 342 344 343 342 345 344 345 346 344 345 347 346 344 349 348 344 346 349 343 348 350 343 344 348 347 351 346 347 352 351 352 259 351 352 258 259 351 266 353 351 259 266 346 353 349 346 351 353 354 356 355 354 357 356 357 358 356 357 359 358 356 361 360 356 358 361 355 360 362 355 356 360 359 363 358 359 364 363 364 271 363 364 270 271 363 278 365 363 271 278 358 365 361 358 363 365 361 367 366 361 365 367 365 284 367 365 278 284 367 258 352 367 284 258 366 352 347 366 367 352 362 369 368 362 360 369 360 366 369 360 361 366 369 347 345 369 366 347 368 345 342 368 369 345 370 372 371 370 373 372 373 374 372 373 375 374 372 377 376 372 374 377 371 376 378 371 372 376 375 379 374 375 380 379 380 287 379 380 286 287 379 294 381 379 287 294 374 381 377 374 379 381 377 383 382 377 381 383 381 300 383 381 294 300 383 270 364 383 300 270 382 364 359 382 383 364 378 385 384 378 376 385 376 382 385 376 377 382 385 359 357 385 382 359 384 357 354 384 385 357 386 388 387 386 389 388 389 390 388 389 391 390 388 393 392 388 390 393 387 392 394 387 388 392 391 395 390 391 396 395 396 303 395 396 302 303 395 310 397 395 303 310 390 397 393 390 395 397 393 399 398 393 397 399 397 316 399 397 310 316 399 286 380 399 316 286 398 380 375 398 399 380 394 401 400 394 392 401 392 398 401 392 393 398 401 375 373 401 398 375 400 373 370 400 401 373 402 404 403 402 405 404 406 403 407 406 402 403 408 410 409 408 411 410 405 409 404 405 408 409 409 410 412 413 404 409 412 413 409 403 404 413 414 407 403 413 414 403 415 417 416 415 418 417 411 416 410 411 415 416 419 323 420 419 322 323 418 420 417 418 419 420 420 323 330 421 417 420 330 421 420 416 417 421 412 410 416 421 412 416 412 423 422 412 421 423 421 340 423 421 330 340 423 302 396 423 340 302 422 396 391 422 423 396 414 425 424 414 413 425 413 422 425 413 412 422 425 391 389 425 422 391 424 389 386 424 425 389 426 427 168 427 428 161 428 429 269 429 430 264 430 431 353 431 432 348 433 434 406 434 435 402 435 436 405 436 437 408 437 438 411 438 439 415 439 440 418 440 441 419 441 442 322 442 443 318 443 444 321 444 445 327 445 446 331 446 447 331 447 448 334 448 449 335 449 450 234 450 451 230 451 452 233 452 453 236 453 454 239 454 455 243 455 456 246 456 457 247 457 250 247 169 426 168 432 350 348 161 162 427 163 161 428 162 168 427 233 230 451 230 234 450 239 236 453 236 233 452 246 243 455 243 239 454 247 246 456 264 265 429 266 264 430 269 163 428 265 269 429 321 318 443 318 322 442 327 324 444 324 321 444 334 331 447 331 327 445 234 335 449 335 334 448 348 349 431 353 266 430 349 353 431 405 402 435 402 406 434 411 408 437 408 405 436 418 415 439 415 411 438 322 419 441 419 418 440 
TexCoords 458
0.46543777 0.87738333
0.46543777 0.93869166
0.49516001 0.93869166
0.49516001 0.87738333
0.46543777 1
0.49516001 1
0.52488226 1
0.52488226 0.93869166
0.41805863 0.93869166
0.43385166 0.93869166
0.43385166 0.87738333
0.40226558 0.87738333
0.40226558 0.93869166
0.40226558 0.96934583
0.41805863 0.96934583
0.43385166 0.96934583
0.43385166 1
0.34282109 0.87738333
0.34282109 0.93869166
0.37254333 0.93869166
0.37254333 0.87738333
0.37254333 0.96934583
0.38740444 0.96934583
0.38740444 0.93869166
0.2796489 0.87738333
0.31123501 0.93869166
0.31123501 0.87738333
0.2796489 0.93869166
0.31123501 1
0.34282109 1
0.46543777 0.75476666
0.46543777 0.81607498
0.49516001 0.81607498
0.49516001 0.75476666
0.52488226 0.87738333
0.52488226 0.81607498
0.40226558 0.75476666
0.40226558 0.81607498
0.43385166 0.81607498
0.43385166 0.75476666
0.34282109 0.75476666
0.34282109 0.81607498
0.37254333 0.81607498
0.37254333 0.75476666
0.2796489 0.75476666
0.31123501 0.81607498
0.31123501 0.75476666
0.2796489 0.81607498
0.46543777 0.63214996
0.46543777 0.69345832
0.49516001 0.69345832
0.49516001 0.63214996
0.52488226 0.75476666
0.52488226 0.69345832
0.40226558 0.63214996
0.40226558 0.69345832
0.43385166 0.69345832
0.43385166 0.63214996
0.34282109 0.63214996
0.34282109 0.69345832
0.37254333 0.69345832
0.37254333 0.63214996
0.2796489 0.63214996
0.31123501 0.69345832
0.31123501 0.63214996
0.2796489 0.69345832
0.46543777 0.50953332
0.46543777 0.57084164
0.49516001 0.57084164
0.49516001 0.50953332
0.52488226 0.63214996
0.52488226 0.57084164
0.40226558 0.54018748
0.40226558 0.57084164
0.41805863 0.57084164
0.41805863 0.54018748
0.43385166 0.57084164
0.43385166 0.54018748
0.43385166 0.50953332
0.37254333 0.54018748
0.37254333 0.50953332
0.34282109 0.50953332
0.34282109 0.57084164
0.37254333 0.57084164
0.38740444 0.57084164
0.38740444 0.54018748
0.2796489 0.50953332
0.31123501 0.57084164
0.31123501 0.50953332
0.2796489 0.57084164
0.42003801 0.50953332
0.41862115 0.51655599
0.41477796 0.52221099
0.40913251 0.52595413
0.40226364 0.52730575
0.39539605 0.52595311
0.38975185 0.52220961
0.38590959 0.51655492
0.38449311 0.50953332
0.38449311 1
0.38590947 0.99297859
0.37254333 1
0.38975143 0.98732402
0.39539531 0.98358044
0.40226263 0.98222753
0.4091318 0.9835789
0.41477758 0.98732199
0.41862106 0.9929771
0.42003801 1
0.13061063 0.93469469
0.098988876 0.87874648
0.11541837 0.9135308
0.034747008 0.8769801
0.065305315 0.88029581
6.9001185E-06 0.93374538
0.015193199 0.91352857
0.033082176 0.99149656
0.015196395 0.95586865
0.098172024 0.99112662
0.065305315 0.98909356
0.11541329 0.95587089
0.044136874 0.98480582
0.026841579 0.97316255
0.010906375 0.93470065
0.026837416 0.89623095
0.0441336 0.8845847
0.086477697 0.88458499
0.10377432 0.89623207
0.11970425 0.9347038
0.10376794 0.97316366
0.086473092 0.98480609
0.13909203 0.58974048
0.10321964 0.59444588
0.018899176 0.65883058
0.069774352 0.60824373
0.041019008 0.63020048
0.0049114595 0.69219691
2.2384434E-06 0.72804198
0.0045036981 0.76394053
0.10430408 0.86350392
0.018111244 0.7974637
0.04053776 0.82698366
0.069965564 0.84953098
0.14111392 0.86790983
0.27452984 0.76050566
0.17778014 0.86243573
0.26201677 0.7939178
0.21169795 0.84747048
0.24045786 0.82407722
0.27813151 0.7250095
0.23608388 0.6291371
0.27258477 0.68976489
0.25825459 0.65709078
0.20753138 0.60774311
0.17447577 0.59431639
0.9006561 0.71316019
0.9251259 0.71316019
0.9251259 0.78487013
0.9006561 0.78487013
0.9251259 0.85658009
0.9006561 0.85658009
0.94959563 0.78487013
0.94959563 0.85658009
0.94959563 0.71316019
0.9251259 0.92829005
0.9006561 0.92829005
0.9251259 1
0.9006561 1
0.94959563 0.92829005
0.94959563 1
0.82736951 0.71316019
0.84569114 0.71316019
0.84569114 0.78487013
0.82736951 0.78487013
0.84569114 0.85658009
0.82736951 0.85658009
0.86401284 0.78487013
0.86401284 0.85658009
0.86401284 0.71316019
0.84569114 0.92829005
0.82736951 0.92829005
0.84569114 1
0.82736951 1
0.86401284 0.92829005
0.86401284 1
0.88233447 0.85658009
0.88233447 0.92829005
0.88233447 1
0.88233447 0.71316019
0.88233447 0.78487013
0.76771849 0.71316019
0.78263128 0.71316019
0.78263128 0.78487013
0.76771849 0.78487013
0.78263128 0.85658009
0.76771849 0.85658009
0.797544 0.78487013
0.797544 0.85658009
0.797544 0.71316019
0.78263128 0.92829005
0.76771849 0.92829005
0.78263128 1
0.76771849 1
0.797544 0.92829005
0.797544 1
0.81245679 0.85658009
0.81245679 0.92829005
0.81245679 1
0.81245679 0.71316019
0.81245679 0.78487013
0.65067422 0.71316019
0.67993528 0.71316019
0.67993528 0.78487013
0.65067422 0.78487013
0.67993528 0.85658009
0.65067422 0.85658009
0.70919639 0.78487013
0.70919639 0.85658009
0.70919639 0.71316019
0.67993528 0.92829005
0.65067422 0.92829005
0.67993528 1
0.65067422 1
0.70919639 0.92829005
0.70919639 1
0.73845744 0.85658009
0.73845744 0.92829005
0.73845744 1
0.73845744 0.71316019
0.73845744 0.78487013
0.541888 0.74901515
0.55742884 0.74901515
0.55742884 0.78487013
0.541888 0.78487013
0.541888 0.71316019
0.55742884 0.71316019
0.541888 0.8207251
0.55742884 0.8207251
0.55742884 0.85658009
0.541888 0.85658009
0.58851063 0.85658009
0.58851063 0.78487013
0.58851063 0.71316019
0.541888 0.89243507
0.55742884 0.89243507
0.55742884 0.92829005
0.541888 0.92829005
0.541888 0.96414502
0.55742884 0.96414502
0.55742884 1
0.541888 1
0.58851063 1
0.58851063 0.92829005
0.61959243 0.85658009
0.61959243 0.92829005
0.61959243 1
0.61959243 0.71316019
0.61959243 0.78487013
0.9006561 0.4150458
0.9251259 0.4150458
0.9251259 0.48957437
0.9006561 0.48957437
0.9251259 0.56410298
0.9006561 0.56410298
0.94959563 0.48957437
0.94959563 0.56410298
0.94959563 0.4150458
0.9251259 0.63863158
0.9006561 0.63863158
0.94959563 0.63863158
0.82736951 0.4150458
0.84569114 0.4150458
0.84569114 0.48957437
0.82736951 0.48957437
0.84569114 0.56410298
0.82736951 0.56410298
0.86401284 0.48957437
0.86401284 0.56410298
0.86401284 0.4150458
0.84569114 0.63863158
0.82736951 0.63863158
0.86401284 0.63863158
0.88233447 0.56410298
0.88233447 0.63863158
0.88233447 0.4150458
0.88233447 0.48957437
0.76771849 0.4150458
0.78263128 0.4150458
0.78263128 0.48957437
0.76771849 0.48957437
0.78263128 0.56410298
0.76771849 0.56410298
0.797544 0.48957437
0.797544 0.56410298
0.797544 0.4150458
0.78263128 0.63863158
0.76771849 0.63863158
0.797544 0.63863158
0.81245679 0.56410298
0.81245679 0.63863158
0.81245679 0.4150458
0.81245679 0.48957437
0.65067422 0.4150458
0.67993528 0.4150458
0.67993528 0.48957437
0.65067422 0.48957437
0.67993528 0.56410298
0.65067422 0.56410298
0.70919639 0.48957437
0.70919639 0.56410298
0.70919639 0.4150458
0.67993528 0.63863158
0.65067422 0.63863158
0.70919639 0.63863158
0.73845744 0.56410298
0.73845744 0.63863158
0.73845744 0.4150458
0.73845744 0.48957437
0.541888 0.45231009
0.55742884 0.45231009
0.55742884 0.48957437
0.541888 0.48957437
0.541888 0.4150458
0.55742884 0.4150458
0.541888 0.52683869
0.55742884 0.52683869
0.55742884 0.56410298
0.541888 0.56410298
0.58851063 0.56410298
0.58851063 0.48957437
0.58851063 0.4150458
0.541888 0.60136726
0.55742884 0.60136726
0.55742884 0.63863158
0.541888 0.63863158
0.541888 0.67589587
0.55742884 0.67589587
0.58851063 0.63863158
0.61959243 0.56410298
0.61959243 0.63863158
0.61959243 0.4150458
0.61959243 0.48957437
0.9006561 0.1241532
0.9251259 0.1241532
0.9251259 0.19687635
0.9006561 0.19687635
0.9251259 0.2695995
0.9006561 0.2695995
0.94959563 0.19687635
0.94959563 0.2695995
0.94959563 0.1241532
0.9251259 0.34232265
0.9006561 0.34232265
0.94959563 0.34232265
0.82736951 0.1241532
0.84569114 0.1241532
0.84569114 0.19687635
0.82736951 0.19687635
0.84569114 0.2695995
0.82736951 0.2695995
0.86401284 0.19687635
0.86401284 0.2695995
0.86401284 0.1241532
0.84569114 0.34232265
0.82736951 0.34232265
0.86401284 0.34232265
0.88233447 0.2695995
0.88233447 0.34232265
0.88233447 0.1241532
0.88233447 0.19687635
0.76771849 0.1241532
0.78263128 0.1241532
0.78263128 0.19687635
0.76771849 0.19687635
0.78263128 0.2695995
0.76771849 0.2695995
0.797544 0.19687635
0.797544 0.2695995
0.797544 0.1241532
0.78263128 0.34232265
0.76771849 0.34232265
0.797544 0.34232265
0.81245679 0.2695995
0.81245679 0.34232265
0.81245679 0.1241532
0.81245679 0.19687635
0.65067422 0.1241532
0.67993528 0.1241532
0.67993528 0.19687635
0.65067422 0.19687635
0.67993528 0.2695995
0.65067422 0.2695995
0.70919639 0.19687635
0.70919639 0.2695995
0.70919639 0.1241532
0.67993528 0.34232265
0.65067422 0.34232265
0.70919639 0.34232265
0.73845744 0.2695995
0.73845744 0.34232265
0.73845744 0.1241532
0.73845744 0.19687635
0.541888 0.16051477
0.55742884 0.16051477
0.55742884 0.19687635
0.541888 0.19687635
0.541888 0.1241532
0.55742884 0.1241532
0.541888 0.23323792
0.55742884 0.23323792
0.55742884 0.2695995
0.541888 0.2695995
0.58851063 0.2695995
0.58851063 0.19687635
0.58851063 0.1241532
0.541888 0.30596107
0.55742884 0.30596107
0.55742884 0.34232265
0.541888 0.34232265
0.541888 0.37868422
0.55742884 0.37868422
0.58851063 0.34232265
0.61959243 0.2695995
0.61959243 0.34232265
0.61959243 0.1241532
0.61959243 0.19687635
0.99853516 1
0.99853516 0.85658009
0.99853516 0.71316019
0.99853516 0.56410298
0.99853516 0.4150458
0.99853516 0.2695995
0.99853516 0.1241532
0.5263471 0.1241532
0.5263471 0.16051477
0.5263471 0.19687635
0.5263471 0.23323792
0.5263471 0.2695995
0.5263471 0.30596107
0.5263471 0.34232265
0.5263471 0.37868422
0.5263471 0.4150458
0.5263471 0.45231009
0.5263471 0.48957437
0.5263471 0.52683869
0.5263471 0.56410298
0.5263471 0.60136726
0.5263471 0.63863158
0.5263471 0.67589587
0.5263471 0.71316019
0.5263471 0.74901515
0.5263471 0.78487013
0.5263471 0.8207251
0.5263471 0.85658009
0.5263471 0.89243507
0.5263471 0.92829005
0.5263471 0.96414502
0.5263471 1
